省份,流域,断面名称,监测时间,水质类别,水温(℃),pH(无量纲),溶解氧(mg/L),电导率(μS/cm),浊度(NTU),高锰酸盐指数(mg/L),氨氮(mg/L),总磷(mg/L),总氮(mg/L),叶绿素α(mg/L),藻密度(cells/L),站点情况
北京市,海河流域,鼓楼外大街,04-25 08:00,Ⅱ,18.7,7.79,9.28,461.9,2.7,2.90,0.031,0.030,3.92,*,*,正常
北京市,海河流域,广北滨河路(桥）,04-25 08:00,Ⅱ,20.2,8.53,10.70,807.2,5.5,3.32,0.034,0.029,7.33,*,*,正常
北京市,海河流域,沙窝,04-25 08:00,Ⅳ,21.0,7.32,9.82,884.8,8.3,6.71,0.088,0.079,7.37,*,*,正常
北京市,海河流域,新八里桥,04-25 08:00,Ⅲ,20.3,7.70,7.72,817.7,2.3,5.32,0.062,0.062,9.34,*,*,正常
北京市,海河流域,大红门闸上,04-25 08:00,Ⅲ,19.9,7.71,7.43,1091.1,6.1,4.31,0.053,0.077,9.84,*,*,正常
北京市,海河流域,南大荒桥,04-25 08:00,Ⅱ,19.0,8.68,10.60,1115.1,7.0,3.76,0.025,0.021,2.28,*,*,正常
北京市,海河流域,清河闸,04-25 08:00,Ⅲ,20.7,7.88,5.14,967.4,2.6,3.96,0.025,0.033,6.27,*,*,正常
北京市,海河流域,花园路,04-25 08:00,Ⅱ,17.9,7.62,9.00,813.0,2.4,0.57,0.025,0.024,7.93,*,*,正常
北京市,海河流域,白石桥,04-25 08:00,Ⅱ,20.8,7.93,7.79,430.1,3.4,2.49,0.052,0.020,4.25,*,*,正常
北京市,海河流域,八间房漫水桥,04-25 08:00,Ⅳ,20.0,7.62,8.94,955.5,5.6,6.71,0.025,0.073,2.63,*,*,正常
北京市,海河流域,码头,04-25 08:00,Ⅴ,18.5,7.80,2.22,1260.3,116.8,5.65,0.128,0.145,3.81,*,*,正常
北京市,海河流域,罗庄,04-25 08:00,Ⅳ,19.8,8.90,21.83,1078.6,12.8,6.71,0.025,0.130,5.64,*,*,正常
北京市,海河流域,小屯桥,04-25 08:00,Ⅳ,21.0,8.85,20.42,1040.6,35.1,6.50,0.025,0.135,6.09,*,*,正常
北京市,海河流域,怀柔水库,04-25 08:00,Ⅱ,16.8,8.29,10.12,437.2,4.2,2.57,0.025,0.005,0.57,*,*,正常
北京市,海河流域,东店,04-25 08:00,Ⅲ,19.7,7.91,8.12,644.7,104.7,5.67,0.138,0.096,4.15,*,*,正常
北京市,海河流域,密云水库,04-25 08:00,Ⅱ,14.0,8.50,11.99,468.7,3.1,2.60,0.025,0.005,2.60,*,*,正常
北京市,海河流域,大关桥,04-25 08:00,Ⅱ,12.9,8.33,10.32,449.7,4.8,2.23,0.025,0.005,3.23,*,*,正常
北京市,海河流域,辛庄桥,04-25 08:00,Ⅰ,17.1,8.12,8.56,604.0,7.4,1.20,0.025,0.005,8.97,*,*,正常
北京市,海河流域,谷家营,04-25 08:00,Ⅱ,18.2,8.52,14.44,515.0,5.7,2.91,0.025,0.005,5.29,*,*,正常
北京市,海河流域,后城,04-25 08:00,Ⅱ,11.8,7.95,8.57,564.2,19.5,1.96,0.025,0.071,7.96,*,*,正常
天津市,海河流域,三岔口,04-25 04:00,Ⅱ,19.0,8.26,8.49,322.2,8.7,3.14,0.025,0.029,1.68,*,*,正常
天津市,海河流域,北洋桥,04-25 08:00,Ⅱ,18.8,8.16,8.49,320.3,9.4,2.78,0.035,0.030,1.62,*,*,正常
天津市,海河流域,井冈山桥,04-25 08:00,Ⅱ,18.9,8.03,8.00,348.3,11.1,2.22,0.025,0.035,1.63,*,*,正常
天津市,海河流域,大红桥,04-25 08:00,Ⅱ,18.4,8.06,8.04,394.9,3.5,2.08,0.025,0.005,1.53,*,*,正常
天津市,海河流域,曹庄子泵站,04-25 08:00,Ⅰ,18.6,8.33,9.36,288.8,3.0,1.20,0.025,0.005,1.56,*,*,正常
天津市,海河流域,生产圈闸,04-25 08:00,Ⅱ,17.7,8.73,10.54,804.2,15.8,3.68,0.025,0.048,2.02,*,*,正常
天津市,海河流域,土门楼,04-25 08:00,Ⅱ,20.6,8.46,9.32,797.5,16.9,0.98,0.025,0.087,6.35,*,*,正常
天津市,海河流域,尔王庄泵站,04-25 08:00,Ⅱ,19.0,8.29,10.46,263.8,5.4,2.06,0.025,0.005,1.29,*,*,正常
天津市,海河流域,大套桥,04-25 04:00,Ⅲ,19.4,8.69,8.93,666.4,18.0,5.60,0.065,0.059,3.54,*,*,正常
天津市,海河流域,黄白桥, ,,--,--,--,--,--,--,--,--,--,*,*,维护
天津市,海河流域,塘汉公路桥,04-25 08:00,Ⅲ,15.4,8.23,5.28,2237.1,52.3,5.34,0.025,0.083,3.87,*,*,正常
天津市,海河流域,海河大闸,04-25 08:00,Ⅳ,17.7,8.77,9.99,14652.0,45.1,8.09,0.211,0.098,1.83,*,*,正常
天津市,海河流域,北排水河防潮闸,04-25 08:00,,17.1,8.26,8.03,2272.1,100.9,--,--,--,--,*,*,维护
天津市,海河流域,沧浪渠出境,04-25 08:00,Ⅴ,19.3,8.52,7.80,14635.4,69.6,10.02,0.101,0.104,1.37,*,*,正常
天津市,海河流域,万家码头,04-25 08:00,Ⅲ,18.3,8.38,9.43,1857.9,23.6,5.61,0.079,0.063,2.27,*,*,正常
天津市,海河流域,蓟运河防潮闸,04-25 08:00,Ⅲ,16.7,8.07,7.93,1859.6,14.4,5.41,0.545,0.049,3.87,*,*,正常
天津市,海河流域,青静黄防潮闸,04-25 04:00,Ⅳ,18.2,8.49,9.10,16909.2,37.4,7.29,0.079,0.055,2.40,*,*,正常
天津市,海河流域,马棚口防潮闸,04-25 08:00,Ⅳ,16.4,8.04,4.94,2774.4,29.8,5.66,0.073,0.049,2.14,*,*,正常
天津市,海河流域,阎辛庄,04-25 08:00,Ⅲ,17.1,8.37,9.17,1619.1,19.7,5.67,0.072,0.068,4.85,*,*,正常
天津市,海河流域,于桥水库库中心,04-25 08:00,,18.1,9.05,14.20,--,2.0,3.09,0.027,--,--,0.002,1505632,维护
天津市,海河流域,于桥水库出口,04-25 08:00,Ⅰ,18.2,8.51,8.81,583.6,4.3,1.87,0.025,0.005,4.07,*,*,正常
天津市,海河流域,黎河桥,04-25 08:00,Ⅱ,14.7,8.12,10.12,584.8,14.2,2.34,0.025,0.023,6.10,*,*,正常
天津市,海河流域,沙河桥,04-25 08:00,Ⅱ,18.2,8.17,10.83,765.8,8.4,1.98,0.025,0.032,11.63,*,*,正常
天津市,海河流域,果河桥,04-25 08:00,Ⅱ,15.2,8.40,10.17,610.5,4.4,2.38,0.025,0.022,6.13,*,*,正常
天津市,海河流域,西屯桥,04-25 08:00,Ⅱ,18.4,8.48,9.42,566.4,14.9,2.93,0.025,0.029,3.64,*,*,正常
河北省,海河流域,岗南水库,04-25 08:00,Ⅱ,16.0,8.61,10.03,570.2,2.7,2.34,0.036,0.006,4.45,*,*,正常
河北省,海河流域,下槐镇,04-25 08:00,Ⅱ,17.3,8.69,8.03,630.5,90.6,2.51,0.025,0.051,3.14,*,*,正常
河北省,海河流域,地都,04-25 08:00,Ⅱ,18.9,8.30,8.63,1216.9,6.0,0.78,0.029,0.034,5.21,*,*,正常
河北省,海河流域,平山桥,04-25 08:00,Ⅰ,19.4,8.67,13.36,1060.1,5.5,1.08,0.027,0.007,9.48,*,*,正常
河北省,海河流域,兆通,04-25 08:00,Ⅰ,16.2,8.42,10.67,597.6,13.7,1.92,0.025,0.015,4.52,*,*,正常
河北省,海河流域,大石桥,04-25 04:00,劣Ⅴ,19.0,7.98,4.38,1197.5,97.7,0.25,1.072,0.481,8.02,*,*,正常
河北省,海河流域,大黑汀水库,04-25 08:00,Ⅰ,11.7,8.69,13.05,586.9,5.2,1.84,0.025,0.014,5.50,*,*,正常
河北省,海河流域,丰北闸,04-25 08:00,劣Ⅴ,18.3,9.11,10.52,1445.2,5.0,5.56,0.034,0.208,0.78,*,*,正常
河北省,海河流域,滦县大桥,04-25 08:00,Ⅱ,16.4,8.23,8.99,486.7,9.0,1.07,0.039,0.025,5.59,*,*,正常
河北省,海河流域,戴河口,04-25 08:00,Ⅱ,18.2,8.75,12.27,885.9,10.6,2.96,0.025,0.042,6.12,*,*,正常
河北省,海河流域,田庄子,04-25 08:00,Ⅰ,13.0,8.29,9.47,456.9,3.4,1.23,0.025,0.018,4.85,*,*,正常
河北省,海河流域,石河口,04-25 08:00,Ⅱ,17.5,8.23,9.93,1205.5,4.0,3.00,0.063,0.012,4.59,*,*,正常
河北省,海河流域,汤河口,04-25 08:00,Ⅱ,18.0,8.23,11.68,906.9,24.4,3.11,0.045,0.065,3.01,*,*,正常
河北省,海河流域,洋河口,04-25 08:00,Ⅱ,17.2,8.67,9.66,805.5,7.9,3.28,0.025,0.057,6.12,*,*,正常
河北省,海河流域,饮马河口,04-25 08:00,Ⅳ,18.4,8.48,6.48,1230.7,29.5,6.25,0.025,0.191,2.20,*,*,正常
河北省,海河流域,岳城水库出口,04-25 04:00,Ⅱ,18.4,8.19,9.62,586.6,0.9,2.16,0.025,0.005,5.84,*,*,正常
河北省,海河流域,曲周,04-25 08:00,Ⅱ,20.9,8.01,10.42,879.2,70.0,3.04,0.025,0.062,3.56,*,*,正常
河北省,海河流域,艾辛庄,04-25 08:00,Ⅲ,21.2,7.66,5.61,1047.9,27.1,5.27,0.242,0.129,2.21,*,*,正常
河北省,海河流域,后西吴桥,04-25 08:00,,21.4,8.16,7.51,690.8,15.5,--,0.025,--,--,*,*,维护
河北省,海河流域,安州,04-25 08:00,Ⅱ,19.8,7.94,8.06,434.4,15.0,3.08,0.025,0.035,2.38,*,*,正常
河北省,海河流域,膳马庙村北,04-25 08:00,Ⅲ,20.3,7.85,7.70,1130.5,30.9,5.29,0.026,0.082,6.91,*,*,正常
河北省,海河流域,北河店,04-25 08:00,Ⅰ,18.5,8.33,9.66,536.3,2.8,1.90,0.025,0.005,4.06,*,*,正常
河北省,海河流域,白合,04-25 08:00,Ⅱ,17.9,8.06,7.10,586.2,7.5,0.90,0.025,0.014,7.24,*,*,正常
河北省,海河流域,杜里村,04-25 08:00,,12.8,8.52,10.44,408.3,9.8,--,--,0.013,--,*,*,维护
河北省,海河流域,后城(老),04-25 04:00,Ⅱ,14.1,8.21,8.52,548.1,33.3,1.42,0.056,0.089,8.15,*,*,正常
河北省,海河流域,老鸦庄,04-25 08:00,Ⅲ,14.4,8.73,10.54,448.2,13.2,4.28,0.141,0.046,6.86,*,*,正常
河北省,海河流域,温泉屯,04-25 08:00,Ⅱ,15.0,8.20,8.10,1279.5,114.8,3.91,0.025,0.074,2.77,*,*,正常
河北省,海河流域,八号桥,04-25 08:00,Ⅲ,16.7,8.40,7.41,1237.7,70.3,4.16,0.058,0.082,2.41,*,*,正常
河北省,海河流域,大桑园,04-25 08:00,Ⅱ,15.8,8.12,6.72,679.1,12.1,2.69,0.025,0.065,5.07,*,*,正常
河北省,海河流域,墙子路,04-25 08:00,Ⅰ,14.8,8.47,10.73,457.6,3.4,0.87,0.025,0.005,2.84,*,*,正常
河北省,海河流域,兴隆庄,04-25 08:00,Ⅳ,13.3,8.38,9.29,345.9,335.7,7.35,0.025,0.112,3.48,*,*,正常
河北省,海河流域,大杖子(二),04-25 08:00,Ⅰ,16.4,8.19,8.44,873.3,1.3,1.16,0.025,0.005,4.44,*,*,正常
河北省,海河流域,大杖子(一),04-25 08:00,Ⅱ,17.0,8.29,8.44,669.4,18.3,3.75,0.025,0.088,6.96,*,*,正常
河北省,海河流域,三块石,04-25 08:00,Ⅱ,15.7,8.07,6.45,1295.3,1.0,1.14,0.025,0.005,3.99,*,*,正常
河北省,海河流域,上板城大桥,04-25 08:00,Ⅱ,16.2,7.81,8.35,752.7,31.3,3.31,0.025,0.076,6.95,*,*,正常
河北省,海河流域,党坝,04-25 08:00,Ⅱ,14.2,8.39,8.31,791.9,11.2,1.65,0.025,0.085,9.33,*,*,正常
河北省,海河流域,上二道河子,04-25 08:00,Ⅰ,13.0,8.12,8.97,554.0,7.0,1.61,0.025,0.005,9.98,*,*,正常
河北省,海河流域,李台,04-25 08:00,Ⅱ,16.4,8.27,8.50,621.5,32.4,3.81,0.025,0.086,7.53,*,*,正常
河北省,辽河流域,甸子,04-25 08:00,Ⅱ,12.9,8.06,8.63,399.2,9.9,1.49,0.025,0.026,5.34,*,*,正常
河北省,海河流域,杨官庄自动站,04-25 08:00,Ⅴ,18.8,8.92,10.81,--,45.8,10.89,0.025,0.134,1.40,*,*,维护
河北省,海河流域,永红桥,04-25 08:00,Ⅳ,18.4,8.20,8.57,1853.7,47.3,6.98,0.025,0.074,3.51,*,*,正常
河北省,海河流域,三河东大桥(老),04-25 08:00,Ⅲ,19.2,8.67,11.32,678.7,14.8,4.48,0.069,0.051,4.82,*,*,正常
河北省,海河流域,大王务(老),04-25 08:00,,18.2,9.63,6.64,623.8,36.6,--,--,--,--,*,*,维护
河北省,海河流域,大套桥(老),04-25 04:00,Ⅳ,16.8,8.21,8.04,703.2,7.3,8.25,0.170,*,*,*,*,正常
河北省,海河流域,大王务, ,,--,--,--,--,--,--,--,--,--,*,*,维护
河北省,海河流域,王家摆,04-25 08:00,Ⅳ,21.0,7.85,9.35,850.5,21.3,6.54,0.025,0.118,6.72,*,*,正常
河北省,海河流域,吴村,04-25 08:00,Ⅲ,20.0,8.63,13.14,726.6,47.0,5.73,0.025,0.097,4.65,*,*,正常
河北省,海河流域,台头,04-25 08:00,Ⅲ,19.1,8.03,6.99,947.2,7.9,4.44,0.025,0.031,1.54,*,*,正常
河北省,海河流域,桑梓红旗闸,04-25 08:00,Ⅲ,19.1,8.63,12.33,676.4,68.3,4.07,0.025,0.092,5.26,*,*,正常
河北省,海河流域,三小营,04-25 08:00,,19.2,7.99,5.83,895.0,9.5,--,--,--,--,*,*,维护
河北省,海河流域,小范桥,04-25 08:00,劣Ⅴ,20.3,9.25,11.93,587.3,16.7,3.13,0.062,0.032,2.21,*,*,正常
河北省,海河流域,大湖心,04-25 08:00,Ⅲ,20.4,8.62,9.13,1528.8,16.8,5.23,0.025,0.024,0.54,0.008,4359224,正常
河北省,海河流域,南张村,04-25 08:00,Ⅱ,18.7,8.79,9.77,584.2,7.5,2.04,0.025,0.012,3.81,*,*,正常
河北省,海河流域,南刘庄,04-25 08:00,Ⅳ,19.0,7.66,6.38,708.2,10.8,6.20,0.025,0.036,0.96,0.009,3452681,正常
河北省,海河流域,烧车淀,04-25 08:00,劣Ⅴ,19.4,9.44,12.05,790.0,1.1,4.92,0.025,0.024,0.65,0.005,1296121,正常
河北省,海河流域,圈头,04-25 08:00,劣Ⅴ,18.8,9.20,14.69,977.3,1.5,3.37,0.037,0.024,1.47,0.004,1043874,正常
河北省,海河流域,采蒲台,04-25 04:00,Ⅱ,18.5,8.48,13.09,1056.6,2.4,3.46,0.025,0.005,1.40,0.004,1320865,正常
河北省,海河流域,光淀张庄,04-25 08:00,Ⅳ,19.2,8.07,9.99,1011.2,1.3,6.19,0.025,0.030,0.57,0.008,2069870,正常
山西省,黄河流域,韩武村,04-25 08:00,Ⅲ,17.5,8.27,9.60,1595.1,29.9,5.59,0.035,0.148,7.40,*,*,正常
山西省,黄河流域,上兰,04-25 08:00,Ⅰ,7.6,8.48,10.15,742.4,1.6,1.31,0.089,0.005,2.29,*,*,正常
山西省,黄河流域,汾河水库出口,04-25 08:00,Ⅱ,13.3,8.55,9.01,754.1,1.7,2.01,0.025,0.005,1.96,0.001,525925,正常
山西省,海河流域,堡子湾,04-25 08:00,Ⅲ,11.6,8.10,7.08,1050.8,21.5,3.38,0.025,0.107,8.94,*,*,正常
山西省,海河流域,下北泉村,04-25 08:00,Ⅱ,13.5,8.37,9.42,493.0,31.4,3.89,0.025,0.077,6.68,*,*,正常
山西省,海河流域,册田水库出口,04-25 08:00,Ⅲ,13.8,8.66,8.59,1218.7,14.0,4.05,0.025,0.047,2.07,*,*,正常
山西省,海河流域,永嘉堡,04-25 08:00,Ⅱ,10.1,8.38,9.83,828.0,25.4,3.71,0.025,0.097,3.08,*,*,正常
山西省,海河流域,古家坡,04-25 08:00,Ⅲ,14.5,8.37,7.23,932.1,76.2,5.13,0.025,0.075,2.96,*,*,正常
山西省,海河流域,利仁皂,04-25 08:00,Ⅲ,13.3,7.96,6.27,2063.8,15.6,4.99,0.025,0.067,1.96,*,*,正常
山西省,海河流域,闫家庄大桥,04-25 08:00,,16.0,8.34,9.77,542.2,21.0,--,0.025,--,--,*,*,维护
山西省,海河流域,白羊墅,04-25 08:00,,17.6,7.93,9.68,2866.2,6.8,--,--,0.192,--,*,*,维护
山西省,海河流域,王家庄,04-25 08:00,Ⅱ,18.0,8.18,9.56,693.9,25.9,2.35,0.025,0.020,6.42,*,*,正常
山西省,海河流域,司徒桥,04-25 08:00,Ⅲ,15.4,7.91,11.45,806.6,11.1,4.17,0.178,0.031,6.08,*,*,正常
山西省,海河流域,关河水库出口,04-25 08:00,Ⅱ,9.7,7.83,6.52,723.1,2.4,2.36,0.201,0.023,3.08,*,*,正常
山西省,海河流域,北寨,04-25 08:00,Ⅳ,17.5,7.67,4.61,1124.2,28.5,5.24,0.396,0.170,9.73,*,*,正常
山西省,海河流域,后湾水库出口,04-25 08:00,Ⅱ,15.0,8.13,11.53,616.6,2.0,2.12,0.025,0.012,5.01,*,*,正常
山西省,黄河流域,龙头,04-25 08:00,Ⅱ,15.6,8.09,7.80,877.3,9.6,1.43,0.025,0.077,7.64,*,*,正常
山西省,黄河流域,拴驴泉,04-25 08:00,,17.9,8.10,8.84,880.4,22.4,--,0.025,0.022,4.68,*,*,维护
山西省,黄河流域,张峰水库出口,04-25 08:00,,12.2,8.42,12.15,460.1,5.0,--,0.025,0.012,5.01,*,*,维护
山西省,海河流域,东榆林水库出口,04-25 08:00,Ⅱ,16.1,8.26,7.81,893.8,59.1,3.81,0.320,0.061,3.15,*,*,正常
山西省,海河流域,王寨村,04-25 08:00,,17.2,7.99,8.92,617.8,23.8,--,0.025,0.014,--,*,*,维护
山西省,黄河流域,王庄桥南,04-25 08:00,Ⅳ,16.7,8.73,9.18,1323.6,119.9,7.44,0.027,0.226,7.32,*,*,正常
山西省,黄河流域,郝村, ,,--,--,--,--,--,--,--,--,--,*,*,维护
山西省,黄河流域,龙门,04-25 08:00,,18.6,8.07,9.46,951.8,231.9,--,--,0.023,2.15,*,*,维护
山西省,黄河流域,张留庄,04-25 08:00,Ⅳ,20.2,8.04,5.44,2686.5,57.8,5.94,0.495,0.217,7.46,*,*,正常
山西省,黄河流域,西曲村,04-25 08:00,Ⅳ,18.5,7.77,5.67,1396.9,74.6,6.23,0.550,0.204,7.08,*,*,正常
山西省,海河流域,梵王寺,04-25 08:00,Ⅱ,9.8,8.39,9.59,1134.5,9.0,2.67,0.354,0.037,5.77,*,*,正常
山西省,海河流域,代县桥,04-25 08:00,Ⅱ,13.5,8.32,8.81,708.5,25.3,1.38,0.025,0.083,6.72,*,*,正常
山西省,海河流域,南庄,04-25 08:00,Ⅱ,14.3,8.21,10.07,549.8,5.6,1.58,0.025,0.039,3.79,*,*,正常
山西省,海河流域,坪上桥,04-25 08:00,Ⅰ,12.0,8.30,10.28,484.2,2.9,1.07,0.025,0.005,4.04,*,*,正常
山西省,黄河流域,河西村,04-25 08:00,Ⅱ,14.3,8.45,9.50,898.8,26.0,1.77,0.198,0.038,2.28,*,*,正常
山西省,黄河流域,上平望,04-25 08:00,Ⅳ,18.8,7.90,7.37,1358.6,104.0,6.73,0.050,0.108,5.01,*,*,正常
山西省,黄河流域,曲立,04-25 08:00,Ⅲ,11.7,7.89,5.60,666.7,10.3,2.18,0.735,0.113,6.45,*,*,正常
山西省,黄河流域,裴家川口,04-25 08:00,Ⅱ,13.7,8.45,10.93,563.1,3.2,2.21,0.029,0.005,2.33,*,*,正常
山西省,黄河流域,碛口,04-25 08:00,Ⅲ,15.1,8.44,9.12,1419.8,12.6,4.12,0.027,0.103,3.27,*,*,正常
山西省,黄河流域,裴沟,04-25 08:00,Ⅰ,15.2,8.43,8.97,672.2,14.1,1.78,0.025,0.005,3.18,*,*,正常
山西省,黄河流域,三川河两河口桥,04-25 04:00,Ⅳ,17.1,7.84,4.63,1008.2,3.3,4.48,0.028,0.121,5.47,*,*,正常
山西省,黄河流域,碧村,04-25 08:00,Ⅱ,11.7,8.44,10.88,1026.1,8.8,3.80,0.025,0.044,8.10,*,*,正常
山西省,黄河流域,北峪口,04-25 08:00,Ⅱ,8.3,8.17,10.17,542.4,8.8,2.01,0.025,0.005,2.84,*,*,正常
山西省,黄河流域,南姚,04-25 08:00,Ⅲ,17.4,8.20,9.26,1117.6,49.9,4.95,0.361,0.101,5.91,*,*,正常
内蒙古自治区,黄河流域,头道拐,04-25 08:00,Ⅲ,14.6,8.36,8.00,1011.1,805.9,4.04,0.058,0.011,1.37,*,*,正常
内蒙古自治区,黄河流域,喇嘛湾,04-25 08:00,Ⅱ,14.1,8.37,8.61,992.6,761.7,3.77,0.055,0.005,1.21,*,*,正常
内蒙古自治区,黄河流域,大入黄口,04-25 04:00,Ⅳ,14.4,8.56,8.92,2378.1,51.1,8.36,0.053,0.096,2.01,*,*,正常
内蒙古自治区,黄河流域,画匠营子,04-25 04:00,Ⅰ,15.1,8.37,8.75,1197.2,468.2,1.22,0.025,*,*,*,*,正常
内蒙古自治区,黄河流域,磴口,04-25 04:00,Ⅱ,14.8,8.40,9.40,1035.2,192.1,3.01,0.025,0.061,1.32,*,*,正常
内蒙古自治区,黄河流域,海勃湾,04-25 04:00,Ⅱ,16.8,8.35,10.23,760.9,18.3,2.18,0.025,*,*,*,*,正常
内蒙古自治区,松花江流域,讷尔克气,04-25 08:00,Ⅰ,8.4,7.42,11.89,79.7,4.6,1.99,0.045,0.015,0.81,*,*,正常
内蒙古自治区,黄河流域,黑柳子,04-25 04:00,Ⅱ,15.6,8.54,8.48,986.0,43.3,2.56,0.025,0.027,1.71,*,*,正常
内蒙古自治区,黄河流域,总排干入黄口,04-25 08:00,Ⅳ,14.5,8.36,9.28,--,12.1,6.42,0.055,0.023,0.83,*,*,维护
内蒙古自治区,黄河流域,三盛公,04-25 04:00,Ⅱ,14.8,8.44,9.63,743.6,201.2,1.98,0.189,0.036,1.75,*,*,正常
内蒙古自治区,松花江流域,斯力很,04-25 08:00,Ⅱ,9.4,7.71,10.19,319.5,88.5,3.91,0.025,0.058,4.36,*,*,正常
内蒙古自治区,西北诸河,王家庄,04-25 04:00,Ⅱ,14.6,8.51,8.80,998.6,44.6,1.15,0.061,0.026,2.07,*,*,正常
辽宁省,辽河流域,卧龙湖,04-25 04:00,Ⅳ,14.4,8.32,9.46,889.8,37.1,6.44,0.025,0.051,0.72,*,*,正常
辽宁省,辽河流域,于台,04-25 08:00,Ⅳ,17.6,8.25,7.58,866.0,3.6,6.73,0.081,0.076,6.94,*,*,正常
辽宁省,辽河流域,砂山,04-25 08:00,Ⅲ,17.3,8.61,15.07,762.9,7.6,5.34,0.025,0.053,3.70,*,*,正常
辽宁省,辽河流域,于家房,04-25 04:00,Ⅴ,8.9,8.56,8.46,908.5,51.5,10.58,0.025,0.176,3.56,*,*,正常
辽宁省,辽河流域,兴国桥,04-25 08:00,Ⅱ,15.2,8.72,17.63,521.2,2.2,2.55,0.026,0.024,0.44,*,*,正常
辽宁省,辽河流域,城子坦,04-25 04:00,Ⅱ,15.6,8.87,9.45,273.0,9.7,2.21,0.027,0.028,3.59,*,*,正常
辽宁省,辽河流域,麦家,04-25 08:00,Ⅱ,15.1,8.09,9.93,435.3,19.5,3.57,0.053,0.057,3.12,*,*,正常
辽宁省,辽河流域,复州湾大桥,04-25 08:00,Ⅱ,14.8,8.52,10.97,512.6,15.0,2.19,0.025,0.079,6.88,*,*,正常
辽宁省,辽河流域,三台子,04-25 04:00,,16.4,9.06,12.20,542.4,9.8,--,0.025,0.093,6.92,*,*,维护
辽宁省,辽河流域,万泰,04-25 08:00,Ⅰ,13.0,8.15,11.51,115.7,3.2,1.67,0.025,0.012,2.35,*,*,正常
辽宁省,辽河流域,英那河入海口,04-25 04:00,劣Ⅴ,14.5,9.39,9.91,203.5,12.1,3.23,0.025,0.050,3.04,*,*,正常
辽宁省,辽河流域,登化,04-25 08:00,Ⅳ,15.3,8.23,15.31,602.5,30.7,7.72,0.025,0.159,4.97,*,*,正常
辽宁省,辽河流域,关门山大桥,04-25 08:00,Ⅰ,13.4,7.67,7.91,349.3,1.7,0.41,0.025,0.010,--,*,*,维护
辽宁省,辽河流域,刘家台,04-25 08:00,,16.2,8.60,19.79,695.8,17.3,5.62,--,--,4.79,*,*,维护
辽宁省,辽河流域,大伙房水库,04-25 04:00,Ⅰ,9.2,7.84,10.57,243.5,8.8,1.74,0.025,0.019,2.61,0.034,*,正常
辽宁省,辽河流域,戈布桥,04-25 04:00,Ⅲ,15.5,8.20,9.60,520.6,15.9,4.30,0.025,0.072,3.02,*,*,正常
辽宁省,辽河流域,北杂木,04-25 04:00,Ⅱ,13.1,8.76,9.77,225.8,9.3,1.52,0.025,0.022,2.53,*,*,正常
辽宁省,辽河流域,台沟,04-25 04:00,Ⅰ,12.7,7.55,9.17,198.7,16.0,1.55,0.070,0.019,2.92,*,*,正常
辽宁省,辽河流域,古楼,04-25 04:00,Ⅰ,11.4,7.50,7.63,239.7,3.7,0.97,0.025,0.013,3.98,*,*,正常
辽宁省,辽河流域,北太子河入观音阁水库口,04-25 04:00,Ⅱ,13.1,7.89,8.61,184.9,3.9,1.73,0.025,0.024,2.51,*,*,正常
辽宁省,辽河流域,兴安,04-25 04:00,Ⅱ,10.8,8.54,7.19,392.9,3.4,1.96,0.041,0.030,3.55,*,*,正常
辽宁省,辽河流域,凤鸣电站,04-25 08:00,Ⅱ,10.4,7.36,9.89,250.0,2.5,2.23,0.025,0.014,2.95,*,*,正常
辽宁省,辽河流域,南太子河入库口,04-25 08:00,Ⅰ,13.5,7.55,10.52,94.3,4.3,0.91,0.025,0.005,2.83,*,*,正常
辽宁省,辽河流域,江桥,04-25 04:00,Ⅰ,11.0,7.62,10.12,142.1,2.8,1.96,0.030,0.017,1.82,*,*,正常
辽宁省,辽河流域,爱河大桥,04-25 08:00,Ⅱ,13.8,8.00,9.32,218.9,5.2,1.93,0.038,0.022,3.01,*,*,正常
辽宁省,辽河流域,蒲石河大桥,04-25 08:00,Ⅰ,13.1,7.50,10.44,292.0,2.9,0.96,0.042,0.015,2.95,*,*,正常
辽宁省,辽河流域,女儿河入河口,04-25 08:00,Ⅱ,17.0,8.19,11.96,811.2,14.0,2.99,0.025,0.042,10.43,*,*,正常
辽宁省,辽河流域,何家信子,04-25 08:00,Ⅱ,10.6,8.22,10.22,450.7,4.4,3.53,0.060,0.030,3.42,*,*,正常
辽宁省,辽河流域,西树林,04-25 04:00,Ⅲ,14.4,8.23,7.95,1080.6,21.2,4.00,0.025,0.101,9.55,*,*,正常
辽宁省,辽河流域,高台子,04-25 08:00,Ⅲ,8.1,7.68,6.58,1411.8,68.3,5.63,0.025,0.140,8.45,*,*,正常
辽宁省,辽河流域,辽河公园,04-25 04:00,,17.1,7.74,8.14,153.3,139.4,--,--,--,--,*,*,维护
辽宁省,辽河流域,茧场,04-25 04:00,Ⅱ,15.3,8.28,10.25,253.3,25.2,2.22,0.043,0.021,5.55,*,*,正常
辽宁省,辽河流域,大清河口,04-25 08:00,Ⅱ,18.4,8.35,12.37,506.6,13.0,2.80,0.135,0.072,9.00,*,*,正常
辽宁省,辽河流域,汤河水库,04-25 04:00,Ⅲ,10.9,8.13,10.58,409.9,2.8,2.32,0.114,0.028,3.25,*,*,正常
辽宁省,辽河流域,葠窝坝下,04-25 04:00,Ⅰ,10.2,7.88,12.23,391.4,4.9,1.27,0.025,0.010,4.51,*,*,正常
辽宁省,辽河流域,河洪桥,04-25 08:00,Ⅳ,16.9,8.20,10.16,797.9,26.1,6.26,0.046,0.223,5.35,*,*,正常
辽宁省,辽河流域,下王家,04-25 08:00,Ⅱ,15.6,8.17,10.12,578.3,6.1,2.15,0.040,0.036,4.71,*,*,正常
辽宁省,辽河流域,汤河桥,04-25 08:00,Ⅱ,16.0,8.00,8.75,589.5,21.7,3.43,0.054,0.076,4.52,*,*,正常
辽宁省,辽河流域,下达河入汤河水库口,04-25 08:00,Ⅰ,16.1,8.29,8.92,411.1,26.1,1.62,0.025,0.018,4.82,*,*,正常
辽宁省,辽河流域,赵圈河,04-25 04:00,劣Ⅴ,9.6,8.15,8.77,2409.0,1260.0,15.54,0.159,0.726,6.32,*,*,正常
辽宁省,辽河流域,盘锦兴安(兴安),04-25 04:00,Ⅳ,14.8,8.48,8.83,608.8,118.0,8.60,0.025,0.255,3.36,*,*,正常
辽宁省,辽河流域,曙光大桥,04-25 08:00,Ⅳ,15.9,8.64,9.64,1005.0,113.9,8.36,0.025,0.212,3.82,*,*,正常
辽宁省,辽河流域,胜利塘,04-25 08:00,Ⅳ,16.1,8.38,9.62,657.9,34.5,7.04,0.025,0.115,3.51,*,*,正常
辽宁省,辽河流域,福德店,04-25 04:00,Ⅳ,14.7,8.37,10.73,481.4,30.7,6.74,0.025,*,*,*,*,正常
辽宁省,辽河流域,柴河水库,04-25 04:00,Ⅰ,8.6,8.07,10.36,308.0,4.7,1.81,0.025,0.006,3.06,0.009,10000,正常
辽宁省,辽河流域,清辽,04-25 04:00,Ⅲ,10.0,7.80,10.43,516.1,13.2,4.09,0.260,0.079,4.95,*,*,正常
辽宁省,辽河流域,通江口,04-25 08:00,Ⅳ,13.5,7.98,9.26,831.4,240.4,8.26,0.025,0.256,6.36,*,*,正常
辽宁省,辽河流域,珠尔山,04-25 04:00,Ⅳ,14.2,8.46,10.48,686.7,157.8,7.11,0.025,0.226,3.30,*,*,正常
辽宁省,辽河流域,东大桥,04-25 08:00,Ⅱ,13.4,7.94,9.64,388.0,9.2,3.08,0.043,0.027,3.47,*,*,正常
辽宁省,辽河流域,柴河水库入库口,04-25 08:00,Ⅱ,14.0,8.25,10.54,346.6,26.5,2.45,0.025,0.037,3.43,*,*,正常
辽宁省,辽河流域,松树水文站,04-25 08:00,Ⅱ,13.2,8.23,9.02,405.6,11.8,3.68,0.113,0.059,3.96,*,*,正常
辽宁省,辽河流域,亮子河入河口, ,,--,--,--,--,--,--,--,--,--,*,*,不具备运行条件
辽宁省,辽河流域,三合屯,04-25 04:00,Ⅳ,13.8,8.50,9.19,727.2,71.7,8.71,0.025,0.131,2.96,*,*,正常
辽宁省,辽河流域,清河水库入库口,04-25 08:00,Ⅲ,12.4,7.38,8.41,214.6,13.5,5.96,0.025,0.065,2.86,*,*,正常
辽宁省,辽河流域,南大桥,04-25 04:00,Ⅳ,17.4,8.61,14.13,742.3,18.3,8.22,0.122,0.024,11.72,*,*,正常
辽宁省,辽河流域,章吉营,04-25 04:00,Ⅲ,15.7,7.73,5.88,913.3,16.5,3.70,0.602,0.153,9.91,*,*,正常
辽宁省,辽河流域,大凌河西支入河口,04-25 08:00,Ⅱ,14.2,8.05,10.60,986.9,3.5,2.56,0.025,0.054,20.15,*,*,正常
辽宁省,辽河流域,李家湾大桥,04-25 08:00,Ⅰ,13.0,7.71,9.77,525.8,6.0,0.88,0.037,0.017,3.53,*,*,正常
辽宁省,辽河流域,牤牛河大桥,04-25 08:00,Ⅱ,11.4,8.09,10.35,667.4,64.8,1.51,0.025,0.065,7.24,*,*,正常
辽宁省,辽河流域,王家窝棚,04-25 04:00,Ⅱ,14.0,7.48,6.58,639.2,4.3,2.70,0.025,0.025,7.35,*,*,正常
辽宁省,辽河流域,红石碑入海前,04-25 08:00,劣Ⅴ,17.6,9.04,12.54,805.4,7.7,6.21,0.025,0.055,6.84,*,*,正常
吉林省,松花江流域,溪浪口,04-25 08:00,,9.8,8.09,10.99,231.9,6.3,4.49,--,*,*,*,*,维护
吉林省,松花江流域,墙缝,04-25 08:00,Ⅱ,7.1,7.69,11.70,124.3,14.8,3.56,0.025,0.038,1.37,*,*,正常
吉林省,辽河流域,上活龙,04-25 08:00,Ⅰ,8.7,7.10,10.35,140.9,3.4,1.39,0.034,*,*,*,*,正常
吉林省,辽河流域,民主,04-25 08:00,Ⅱ,11.7,8.31,10.86,202.1,3.4,1.70,0.025,0.024,2.34,*,*,正常
吉林省,辽河流域,云峰,04-25 08:00,Ⅰ,7.3,7.35,8.72,165.8,2.5,1.08,0.076,0.012,1.61,*,*,正常
吉林省,辽河流域,老虎哨,04-25 08:00,Ⅰ,9.4,7.48,10.54,101.7,2.0,1.17,0.025,0.010,1.80,*,*,正常
吉林省,辽河流域,绿江村,04-25 08:00,Ⅲ,6.8,7.89,11.25,75.8,9.6,4.06,0.025,*,*,*,*,正常
吉林省,辽河流域,鸠谷,04-25 08:00,Ⅱ,5.7,7.56,11.61,108.1,9.0,3.65,0.025,0.043,1.06,*,*,正常
吉林省,辽河流域,大阳岔,04-25 08:00,Ⅰ,9.4,7.90,10.23,192.2,4.7,0.25,0.025,0.010,1.64,*,*,正常
吉林省,松花江流域,宁江,04-25 04:00,Ⅳ,12.1,8.00,10.62,235.6,25.2,6.35,0.025,0.067,1.78,*,*,正常
吉林省,松花江流域,圈河,04-25 08:00,Ⅳ,14.1,7.85,9.64,176.4,227.9,9.51,0.090,0.110,1.62,*,*,正常
吉林省,松花江流域,榆树川,04-25 08:00,Ⅱ,12.0,7.68,10.58,138.4,22.3,2.84,0.050,0.079,1.26,*,*,正常
吉林省,松花江流域,延吉下,04-25 08:00,Ⅱ,13.2,8.15,10.60,178.2,36.4,3.83,0.193,0.070,1.49,*,*,正常
吉林省,松花江流域,西崴子,04-25 08:00,Ⅱ,10.6,7.84,12.87,126.6,11.6,3.24,0.025,0.033,1.22,*,*,正常
吉林省,松花江流域,石井(小河龙),04-25 08:00,Ⅱ,11.9,7.47,8.86,204.1,4.1,1.88,0.063,0.060,1.37,*,*,正常
吉林省,松花江流域,三家子,04-25 08:00,Ⅲ,16.7,6.89,7.71,131.6,12.0,2.70,0.551,0.170,1.66,*,*,正常
吉林省,松花江流域,池北铁桥,04-25 08:00,Ⅱ,10.3,7.84,8.89,118.0,8.2,3.43,0.025,0.060,0.86,*,*,正常
黑龙江省,松花江流域,摆渡镇,04-25 08:00,Ⅲ,11.2,7.63,10.13,249.7,92.9,4.31,0.206,0.138,2.27,*,*,正常
黑龙江省,松花江流域,水库出口,04-25 08:00,Ⅲ,7.3,7.10,9.25,75.3,6.8,2.77,0.072,0.025,1.22,0.008,2260990,正常
黑龙江省,松花江流域,音河水库,04-25 08:00,Ⅱ,5.4,7.77,11.44,224.2,14.1,3.08,0.025,0.019,3.88,*,*,正常
黑龙江省,松花江流域,泄洪1闸(小兴凯湖一闸),04-25 04:00,Ⅰ,7.0,6.60,14.09,165.8,88.1,0.29,0.049,0.005,0.76,0.03,292170.50,正常
黑龙江省,松花江流域,知一桥,04-25 08:00,Ⅲ,14.3,7.37,11.86,232.5,47.5,5.51,0.295,0.045,2.22,*,*,正常
黑龙江省,松花江流域,858九队,04-25 04:00,Ⅳ,13.2,7.56,8.38,163.8,109.8,6.07,0.154,0.065,0.58,*,*,正常
黑龙江省,松花江流域,穆棱河口内,04-25 08:00,Ⅲ,7.0,8.37,10.22,306.1,71.6,3.56,0.930,0.155,3.40,*,*,正常
黑龙江省,松花江流域,虎头上, ,,--,--,--,--,--,--,--,--,--,*,*,维护
黑龙江省,松花江流域,饶河上,04-25 08:00,Ⅱ,12.0,6.88,11.46,63.1,79.2,3.52,0.025,0.026,0.89,*,*,正常
黑龙江省,松花江流域,挠力河口内,04-25 08:00,,11.1,6.81,10.99,276.6,36.7,--,0.262,0.070,--,*,*,维护
黑龙江省,松花江流域,布列亚河口下,04-25 04:00,Ⅴ,4.6,7.02,9.11,71.8,44.1,10.82,0.912,*,*,*,*,正常
黑龙江省,松花江流域,友好,04-25 08:00,劣Ⅴ,4.4,6.84,11.79,61.6,36.3,20.96,0.078,0.102,2.25,*,*,正常
黑龙江省,松花江流域,嘉荫,04-25 08:00,,2.1,6.85,11.79,54.1,68.4,--,0.080,0.113,0.83,*,*,维护
黑龙江省,松花江流域,双河渠首,04-25 08:00,,11.4,7.02,10.83,84.4,37.1,--,0.041,0.095,2.84,*,*,维护
黑龙江省,松花江流域,佳木斯下,04-25 08:00,Ⅲ,17.4,6.39,9.36,0.7,--,4.56,0.069,0.150,1.60,*,*,维护
黑龙江省,松花江流域,三岔口,04-25 08:00,,11.9,7.23,9.91,91.4,29.7,--,--,0.005,1.52,*,*,维护
黑龙江省,松花江流域,海浪,04-25 08:00,Ⅱ,10.0,6.42,10.80,76.7,14.0,3.82,0.072,0.043,2.95,*,*,正常
黑龙江省,松花江流域,柴河铁路桥,04-25 08:00,,12.8,7.70,10.02,127.0,6.7,4.04,0.306,--,1.71,*,*,维护
黑龙江省,松花江流域,海浪河口内,04-25 08:00,Ⅱ,9.4,6.45,12.89,62.2,20.7,3.67,0.037,0.063,2.80,*,*,正常
黑龙江省,松花江流域,黑河上,04-25 08:00,Ⅲ,15.0,7.38,5.88,226.6,3.6,5.95,0.025,0.021,0.72,*,*,正常
黑龙江省,松花江流域,加格达奇上,04-25 08:00,Ⅱ,12.3,7.32,11.09,70.3,6.8,2.34,0.025,0.005,0.36,*,*,正常
江苏省,长江流域,林山,04-25 08:00,Ⅰ,19.5,8.25,8.70,327.4,48.3,1.90,0.046,*,*,*,*,正常
江苏省,长江流域,陈浅,04-25 08:00,Ⅳ,24.9,7.90,7.32,525.7,30.6,6.18,0.028,0.066,0.74,*,*,正常
江苏省,长江流域,七桥瓮,04-25 08:00,Ⅱ,22.0,7.69,8.05,389.9,36.5,2.76,0.121,0.087,2.81,*,*,正常
江苏省,长江流域,节制闸,04-25 08:00,Ⅱ,20.0,7.82,7.94,315.1,59.1,1.96,0.030,0.092,2.18,*,*,正常
江苏省,太湖流域,沙渚,04-25 04:00,Ⅲ,21.7,6.89,5.95,540.7,63.1,2.37,0.280,0.044,1.93,0.018,*,正常
江苏省,太湖流域,陈东港,04-25 04:00,Ⅲ,21.4,8.06,7.17,439.9,101.2,4.38,0.105,0.141,1.36,*,*,正常
江苏省,太湖流域,洪巷桥,04-25 04:00,Ⅲ,22.3,7.76,7.14,449.2,43.3,5.05,0.100,0.165,2.40,*,*,正常
江苏省,太湖流域,锡东水厂,04-25 04:00,,22.0,8.42,8.08,427.2,58.0,--,0.025,0.034,1.09,0.019,11397070,维护
江苏省,太湖流域,兰山嘴,04-25 08:00,,21.2,8.05,8.38,461.6,69.0,4.76,--,0.091,2.04,0.003,6278510,维护
江苏省,太湖流域,蠡桥,04-25 04:00,,23.4,8.22,--,452.0,36.7,3.23,0.073,0.048,1.30,*,*,维护
江苏省,太湖流域,殷村港桥,04-25 04:00,Ⅲ,22.8,7.89,7.72,441.2,73.1,4.59,0.073,0.106,0.11,*,*,正常
江苏省,太湖流域,大浦港桥,04-25 04:00,Ⅲ,22.1,7.68,6.14,426.2,76.9,4.62,0.054,0.134,1.98,*,*,正常
江苏省,太湖流域,五牧,04-25 08:00,Ⅲ,22.0,8.02,6.72,431.4,50.0,2.47,0.164,0.128,2.51,*,*,正常
江苏省,太湖流域,五里湖心,04-25 08:00,Ⅲ,22.1,8.45,11.20,386.1,10.4,3.98,0.025,0.047,0.54,0.049,72013400,正常
江苏省,太湖流域,金潼桥,04-25 08:00,Ⅱ,22.2,7.72,7.72,363.3,58.2,1.46,0.093,0.088,1.79,*,*,正常
江苏省,太湖流域,大港桥,04-25 04:00,Ⅱ,22.5,7.01,7.68,132.3,8.9,1.56,0.025,0.024,2.66,*,*,正常
江苏省,太湖流域,潘家坝,04-25 04:00,Ⅲ,22.2,7.51,5.77,376.7,84.6,3.93,0.093,0.114,3.06,*,*,正常
江苏省,太湖流域,长济桥,04-25 08:00,Ⅱ,21.0,7.80,7.81,306.2,37.8,1.77,0.025,0.067,1.82,*,*,正常
江苏省,太湖流域,钓邾大桥, ,,--,--,--,--,--,--,--,--,--,*,*,维护
江苏省,长江流域,小湾,04-25 04:00,Ⅱ,20.1,7.80,7.82,299.1,38.4,1.77,0.025,0.077,1.40,*,*,正常
江苏省,淮河流域,小红圈,04-25 08:00,Ⅳ,22.7,8.37,5.82,516.8,22.7,6.72,0.025,*,*,*,*,正常
江苏省,淮河流域,港上桥,04-25 08:00,Ⅲ,22.0,8.29,12.91,842.7,7.8,5.48,0.094,0.007,7.52,*,*,正常
江苏省,淮河流域,李庄,04-25 08:00,Ⅲ,21.1,8.35,8.59,1140.8,22.2,5.01,0.062,0.005,6.01,*,*,正常
江苏省,淮河流域,蔺家坝,04-25 04:00,Ⅲ,23.4,8.73,9.81,1257.0,19.8,4.67,0.053,0.050,0.53,*,*,正常
江苏省,淮河流域,李集桥,04-25 08:00,Ⅲ,21.6,8.92,12.07,1286.2,6.3,5.73,0.032,0.055,0.58,*,*,正常
江苏省,淮河流域,华山闸,04-25 04:00,Ⅲ,18.7,8.24,9.42,1151.2,9.4,4.87,0.044,0.113,0.72,*,*,正常
江苏省,淮河流域,沙庄桥,04-25 08:00,劣Ⅴ,20.2,9.33,16.34,1328.4,7.6,5.85,0.025,0.068,0.99,*,*,正常
江苏省,淮河流域,张楼,04-25 08:00,Ⅲ,20.1,8.11,7.74,1110.2,37.2,4.34,0.151,0.062,3.60,*,*,正常
江苏省,淮河流域,艾山西大桥,04-25 08:00,Ⅱ,23.0,8.81,14.03,523.4,4.0,3.87,0.025,0.044,3.35,*,*,正常
江苏省,淮河流域,东偏泓,04-25 08:00,,21.8,7.55,5.62,678.2,21.1,5.44,--,--,3.39,*,*,维护
江苏省,长江流域,魏村,04-25 04:00,,19.8,7.78,7.71,310.2,40.7,--,--,--,--,*,*,维护
江苏省,太湖流域,姚巷桥,04-25 04:00,,25.8,7.55,7.26,--,--,--,--,--,--,*,*,维护
江苏省,太湖流域,黄埝桥,04-25 08:00,Ⅲ,21.8,7.59,7.38,320.0,88.2,2.03,0.082,0.105,1.67,*,*,正常
江苏省,太湖流域,东潘桥（搬迁）, ,,--,--,--,--,--,--,--,--,--,*,*,维护
江苏省,太湖流域,落蓬湾,04-25 08:00,,21.8,7.73,6.26,289.7,226.0,--,--,--,1.01,*,*,维护
江苏省,太湖流域,兰山嘴(老),04-25 04:00,劣Ⅴ,23.0,7.70,9.08,1571.4,1109.2,10.33,0.170,0.477,17.63,0.039,*,正常
江苏省,太湖流域,望亭上游,04-25 04:00,Ⅲ,21.9,7.32,5.30,796.6,51.0,2.73,0.120,0.111,2.66,*,*,正常
江苏省,太湖流域,江边闸,04-25 08:00,Ⅱ,21.6,7.84,7.95,473.8,41.7,3.00,0.078,0.091,1.84,*,*,正常
江苏省,太湖流域,瓜泾口西,04-25 04:00,Ⅱ,19.3,7.84,6.07,393.0,29.7,2.35,0.025,0.016,0.78,*,*,正常
江苏省,太湖流域,航管站,04-25 04:00,Ⅱ,22.2,7.76,7.61,393.3,34.2,2.87,0.041,0.016,0.42,*,*,正常
江苏省,太湖流域,越溪桥,04-25 08:00,Ⅲ,21.1,8.03,7.42,391.6,7.3,4.02,0.487,0.090,1.80,*,*,正常
江苏省,太湖流域,312国道桥,04-25 04:00,,18.3,7.23,--,4.7,--,--,--,--,--,*,*,维护
江苏省,太湖流域,阳澄湖心,04-25 08:00,Ⅲ,21.4,7.60,6.47,454.5,10.5,3.98,0.025,0.036,0.93,0.009,2965520,正常
江苏省,淮河流域,东安闸桥西,04-25 08:00,Ⅲ,20.4,8.25,9.36,831.6,28.0,4.63,0.102,0.104,1.80,*,*,正常
江苏省,长江流域,九圩港桥,04-25 08:00,Ⅱ,20.9,8.21,8.23,476.4,15.4,2.83,0.090,0.086,2.96,*,*,正常
江苏省,长江流域,碾砣港闸,04-25 08:00,Ⅱ,21.7,8.51,9.04,342.3,15.7,1.85,0.025,0.064,1.64,*,*,正常
江苏省,长江流域,聚南大桥,04-25 08:00,Ⅲ,21.2,8.34,11.38,608.4,5.0,4.25,0.032,0.042,1.20,*,*,正常
江苏省,长江流域,塘芦港闸,04-25 08:00,Ⅲ,17.4,8.41,9.94,2407.6,39.6,4.46,0.032,0.100,1.77,*,*,正常
江苏省,淮河流域,小洋口,04-25 08:00,Ⅲ,21.5,8.38,9.21,906.3,31.5,5.69,0.050,0.133,1.73,*,*,正常
江苏省,淮河流域,环东闸口,04-25 08:00,Ⅲ,21.4,8.40,10.11,1722.4,14.6,5.13,0.044,0.082,1.51,*,*,正常
江苏省,淮河流域,北凌新闸,04-25 08:00,Ⅲ,21.0,8.00,7.50,1256.4,18.5,5.50,0.298,0.122,2.36,*,*,正常
江苏省,淮河流域,黑林桥,04-25 04:00,,17.6,7.84,0.79,490.6,125.2,--,0.025,*,*,*,*,维护
江苏省,淮河流域,大兴桥,04-25 04:00,Ⅳ,22.9,7.73,9.13,1140.2,9991.0,6.11,0.025,*,*,*,*,正常
江苏省,淮河流域,新浦大桥,04-25 04:00,Ⅲ,21.2,8.45,11.32,745.1,5.0,4.22,0.037,0.050,2.10,*,*,正常
江苏省,淮河流域,柴米河桥,04-25 04:00,,21.9,7.91,8.96,888.4,35.3,--,0.216,0.098,2.94,*,*,维护
江苏省,淮河流域,善后河闸,04-25 04:00,Ⅲ,23.3,8.20,8.05,963.8,42.7,4.71,0.092,0.068,2.40,*,*,正常
江苏省,淮河流域,灌河大桥,04-25 04:00,Ⅲ,21.7,8.16,7.10,720.5,290.8,4.56,0.084,0.094,2.77,*,*,正常
江苏省,淮河流域,新村桥,04-25 04:00,Ⅲ,21.0,7.91,13.07,573.0,3.2,4.31,0.025,0.040,2.65,*,*,正常
江苏省,淮河流域,盐河桥,04-25 04:00,Ⅲ,19.4,7.79,7.65,604.0,6.5,4.09,0.039,0.082,2.67,*,*,正常
江苏省,淮河流域,袁闸,04-25 04:00,Ⅲ,21.0,7.64,6.22,611.1,34.5,3.99,0.102,0.107,2.65,*,*,正常
江苏省,淮河流域,墩尚水漫桥,04-25 04:00,Ⅱ,18.3,8.27,8.41,666.3,39.8,3.51,0.035,0.085,2.36,*,*,正常
江苏省,淮河流域,烧香北闸,04-25 04:00,劣Ⅴ,20.3,8.72,13.38,2991.5,5.2,4.56,2.046,0.056,4.52,*,*,正常
江苏省,淮河流域,大浦闸,04-25 04:00,Ⅲ,21.5,7.25,10.40,1270.5,10.0,5.31,0.036,0.096,5.40,*,*,正常
江苏省,淮河流域,大板跳闸,04-25 04:00,Ⅲ,21.2,8.61,12.05,2329.3,8.1,5.42,0.060,0.050,3.20,*,*,正常
江苏省,淮河流域,海头大桥,04-25 04:00,Ⅲ,21.3,8.77,10.45,731.8,11.0,4.97,0.036,0.088,2.96,*,*,正常
江苏省,淮河流域,坝头桥,04-25 04:00,劣Ⅴ,22.7,9.20,14.32,638.2,7.9,4.96,0.025,0.038,1.56,*,*,正常
江苏省,淮河流域,郑园桥,04-25 04:00,Ⅲ,21.0,8.08,9.84,714.6,30.6,4.57,0.025,0.045,2.14,*,*,正常
江苏省,淮河流域,范河桥,04-25 04:00,Ⅲ,21.3,8.05,8.70,988.6,12.9,5.03,0.075,0.093,2.82,*,*,正常
江苏省,淮河流域,四队桥,04-25 04:00,Ⅲ,21.9,7.73,9.23,840.5,15.4,5.09,0.034,0.037,1.45,*,*,正常
江苏省,淮河流域,燕尾闸,04-25 04:00,Ⅲ,19.4,8.09,7.54,2390.2,72.6,5.18,0.083,0.038,3.95,*,*,正常
江苏省,淮河流域,新浦二桥,04-25 04:00,Ⅱ,21.0,7.86,8.82,766.2,6.4,4.00,0.026,0.067,2.22,*,*,正常
江苏省,淮河流域,老山乡,04-25 08:00,Ⅴ,22.0,8.43,9.67,372.5,58.6,4.25,0.025,0.104,2.47,0.001,17861000,正常
江苏省,淮河流域,淮河大桥,04-25 08:00,Ⅱ,21.0,7.72,6.36,402.2,51.4,2.61,0.041,0.091,2.08,*,*,正常
江苏省,淮河流域,蒋坝镇,04-25 08:00,Ⅳ,20.6,8.74,8.97,338.3,22.6,4.26,0.029,0.051,2.27,--,5532020,维护
江苏省,淮河流域,高良涧镇,04-25 08:00,Ⅳ,20.2,7.76,7.66,317.8,52.3,4.03,0.025,0.086,2.55,0.016,4602410,正常
江苏省,淮河流域,洪金,04-25 08:00,Ⅳ,22.2,8.42,7.54,669.7,30.2,6.52,0.025,0.058,0.60,0.017,3661400,正常
江苏省,淮河流域,戴楼衡阳(塔集),04-25 04:00,Ⅲ,21.5,8.40,8.69,382.5,25.5,4.23,0.025,0.081,2.15,0.059,*,正常
江苏省,淮河流域,总渠苏嘴,04-25 04:00,Ⅱ,21.5,7.85,7.21,394.7,85.4,3.56,0.068,0.070,2.25,*,*,正常
江苏省,淮河流域,唐曹,04-25 08:00,Ⅲ,22.3,7.81,5.31,400.4,57.6,5.37,0.351,0.134,1.93,*,*,正常
江苏省,淮河流域,新洋港闸,04-25 04:00,Ⅲ,20.9,7.90,7.99,816.8,69.2,5.22,0.060,0.093,2.80,*,*,正常
江苏省,淮河流域,富民桥,04-25 04:00,Ⅲ,21.4,8.24,8.31,666.4,9.3,4.51,0.025,0.074,1.26,*,*,正常
江苏省,淮河流域,大团桥,04-25 04:00,Ⅲ,21.4,7.84,7.77,676.8,44.8,4.56,0.057,0.122,1.18,*,*,正常
江苏省,淮河流域,龙冈凤凰桥,04-25 04:00,Ⅳ,21.9,7.67,4.82,577.6,35.1,3.46,0.063,0.102,1.92,*,*,正常
江苏省,淮河流域,六垛闸,04-25 04:00,Ⅱ,20.3,8.18,8.28,429.1,120.8,3.33,0.056,0.084,2.00,*,*,正常
江苏省,淮河流域,泰东大桥,04-25 04:00,Ⅱ,21.0,7.60,6.51,373.8,69.3,2.32,0.064,0.068,1.41,*,*,正常
江苏省,淮河流域,城北大桥,04-25 04:00,Ⅳ,20.9,8.22,7.25,691.9,68.3,6.46,0.105,0.131,2.80,*,*,正常
江苏省,淮河流域,草堰大桥,04-25 04:00,Ⅲ,20.8,7.71,6.41,474.0,29.1,4.11,0.180,0.101,2.36,*,*,正常
江苏省,淮河流域,射阳河闸,04-25 04:00,Ⅳ,20.8,7.84,8.68,645.0,44.1,6.40,0.071,0.096,3.26,*,*,正常
江苏省,淮河流域,黄沙港闸,04-25 04:00,Ⅳ,22.4,8.24,10.08,748.5,43.6,8.23,0.064,0.115,2.38,*,*,正常
江苏省,淮河流域,斗龙港闸,04-25 04:00,Ⅲ,21.0,7.97,9.50,717.8,33.5,5.43,0.068,0.123,1.98,*,*,正常
江苏省,淮河流域,川东闸,04-25 04:00,Ⅲ,20.9,8.06,8.38,951.8,16.9,4.80,0.128,0.067,2.63,*,*,正常
江苏省,淮河流域,头罾闸,04-25 04:00,劣Ⅴ,19.8,9.04,8.07,444.2,97.5,3.28,0.038,0.032,2.29,*,*,正常
江苏省,淮河流域,王港闸,04-25 04:00,Ⅲ,21.6,8.09,8.81,884.0,47.5,5.81,0.030,0.133,1.66,*,*,正常
江苏省,长江流域,三江营,04-25 04:00,Ⅱ,20.0,7.63,7.54,291.2,25.6,1.51,0.025,0.070,1.77,*,*,正常
江苏省,淮河流域,湖心区,04-25 08:00,劣Ⅴ,19.3,9.71,11.34,314.3,4.9,5.26,0.025,0.022,1.00,0.014,6349830,正常
江苏省,淮河流域,槐泗河口,04-25 08:00,Ⅱ,19.9,8.08,7.61,388.0,33.5,3.41,0.053,0.045,2.50,*,*,正常
江苏省,淮河流域,大运河船闸(宝应船闸),04-25 08:00,Ⅲ,20.9,8.21,7.55,411.0,39.2,4.12,0.118,0.057,1.72,*,*,正常
江苏省,淮河流域,三垛西大桥,04-25 04:00,Ⅲ,22.0,7.37,6.07,447.5,60.5,3.39,0.450,0.130,2.30,*,*,正常
江苏省,淮河流域,江都西闸,04-25 04:00,Ⅱ,21.1,7.86,7.89,427.0,37.3,2.07,0.031,0.059,2.12,*,*,正常
江苏省,长江流域,冻青桥,04-25 08:00,Ⅲ,23.0,8.46,12.08,477.9,12.2,4.67,0.076,0.073,1.94,*,*,正常
江苏省,长江流域,小河口上游,04-25 08:00,Ⅱ,19.3,7.87,8.02,322.8,24.3,1.65,0.034,0.082,1.68,*,*,正常
江苏省,淮河流域,曹庄桥,04-25 08:00,Ⅱ,21.2,7.60,7.33,356.1,27.0,2.02,0.088,0.074,1.89,*,*,正常
江苏省,太湖流域,辛丰镇,04-25 08:00,Ⅱ,20.1,7.66,7.74,326.9,38.8,1.97,0.060,0.086,1.92,*,*,正常
江苏省,太湖流域,林家闸,04-25 04:00,Ⅱ,19.7,7.91,7.85,317.6,67.4,1.52,0.025,0.080,1.55,*,*,正常
江苏省,长江流域,新河桥,04-25 08:00,Ⅱ,23.4,8.72,11.44,279.8,20.4,3.06,0.034,0.075,0.90,*,*,正常
江苏省,长江流域,新港桥,04-25 08:00,Ⅱ,21.1,8.17,8.32,291.3,12.3,1.94,0.025,0.052,1.55,*,*,正常
江苏省,长江流域,北山水库,04-25 08:00,Ⅲ,18.6,8.23,12.34,422.3,10.3,5.08,0.025,0.026,0.51,*,*,正常
江苏省,太湖流域,吕城,04-25 04:00,Ⅱ,21.7,7.98,7.98,323.4,52.7,1.88,0.025,0.094,1.82,*,*,正常
江苏省,长江流域,夏仕港大桥,04-25 04:00,Ⅱ,22.1,7.91,8.33,296.7,28.7,2.01,0.027,0.050,1.63,*,*,正常
江苏省,淮河流域,骆马湖,04-25 04:00,Ⅲ,19.1,8.10,6.87,879.2,26.1,4.48,0.057,0.036,3.15,--,*,维护
江苏省,淮河流域,张嘴渡口,04-25 04:00,Ⅲ,21.2,8.92,11.74,1040.7,13.4,4.44,0.067,*,*,*,*,正常
江苏省,淮河流域,临淮乡,04-25 08:00,Ⅳ,20.6,8.21,9.49,605.6,83.7,6.31,0.025,0.081,1.73,0.011,7912706,正常
江苏省,淮河流域,成河乡中,04-25 08:00,Ⅳ,20.6,8.16,8.40,537.0,76.1,4.43,0.025,0.082,2.21,0.009,24375190,正常
江苏省,淮河流域,龙集镇北,04-25 08:00,Ⅳ,21.0,8.42,7.38,724.4,111.0,4.45,0.025,0.053,1.38,0.017,3851124,正常
江苏省,淮河流域,骆马湖乡,04-25 08:00,Ⅲ,20.5,8.47,8.48,861.3,11.2,4.18,0.025,0.029,2.85,0.005,24853390,正常
江苏省,淮河流域,三场,04-25 08:00,Ⅲ,19.6,8.35,9.58,840.6,7.2,4.25,0.028,0.024,2.84,0.008,54044120,正常
江苏省,淮河流域,马陵翻水站,04-25 04:00,Ⅲ,21.2,8.20,7.38,1084.6,13.5,4.31,0.036,0.052,3.16,*,*,正常
江苏省,淮河流域,临淮乡入湖口,04-25 08:00,Ⅲ,22.0,8.53,9.30,703.9,29.4,5.34,0.029,0.073,1.21,*,*,正常
江苏省,淮河流域,砖瓦厂,04-25 08:00,Ⅲ,21.6,8.19,10.40,785.3,24.9,5.15,0.048,0.106,1.73,*,*,正常
江苏省,淮河流域,顾勒大桥,04-25 08:00,Ⅲ,20.7,8.18,6.71,797.8,32.1,4.98,0.044,0.067,1.03,*,*,正常
江苏省,淮河流域,团结闸,04-25 08:00,Ⅲ,19.6,8.20,5.32,1246.6,5.7,5.50,0.055,0.031,1.55,*,*,正常
江苏省,淮河流域,大屈,04-25 08:00,劣Ⅴ,22.2,9.11,9.55,841.4,12.7,5.59,0.025,0.072,0.79,*,*,正常
浙江省,浙闽片河流,小金山, ,,--,--,--,--,--,--,--,--,--,*,*,不具备运行条件
浙江省,浙闽片河流,闸口,04-25 08:00,Ⅰ,17.5,7.25,9.06,150.9,6.3,1.00,0.030,0.005,0.86,*,*,正常
浙江省,浙闽片河流,三潭岛,04-25 08:00,劣Ⅴ,20.2,9.05,11.28,122.9,1.9,1.69,0.028,0.018,0.89,*,*,正常
浙江省,浙闽片河流,大坝前,04-25 08:00,Ⅰ,21.2,8.71,10.02,119.3,3.6,1.03,0.025,0.009,0.62,*,*,正常
浙江省,太湖流域,汪家埠,04-25 08:00,Ⅲ,17.7,6.91,5.60,378.6,14.5,2.03,0.322,0.091,2.40,*,*,正常
浙江省,太湖流域,奉口,04-25 08:00,Ⅲ,21.4,7.91,7.97,158.7,33.4,3.81,0.260,0.124,2.89,*,*,正常
浙江省,太湖流域,顾家桥,04-25 08:00,Ⅱ,19.4,7.96,8.60,167.7,14.4,1.53,0.059,0.048,1.24,*,*,正常
浙江省,浙闽片河流,桐君山,04-25 08:00,Ⅱ,19.8,7.53,11.41,126.9,19.8,1.28,0.025,0.032,1.91,*,*,正常
浙江省,浙闽片河流,洋溪渡,04-25 08:00,Ⅰ,12.5,8.76,12.48,131.1,4.4,0.66,0.025,0.007,1.40,*,*,正常
浙江省,浙闽片河流,浦阳江出口,04-25 08:00,Ⅱ,21.0,6.93,9.08,218.5,22.0,1.20,0.122,0.052,1.26,*,*,正常
浙江省,太湖流域,五杭运河大桥,04-25 08:00,Ⅲ,21.8,7.96,5.23,358.4,135.5,3.49,0.170,0.080,2.10,*,*,正常
浙江省,浙闽片河流,桐庐,04-25 08:00,Ⅱ,17.5,7.41,9.51,148.1,12.3,0.54,0.025,0.022,1.14,*,*,正常
浙江省,浙闽片河流,街口(鸠坑口),04-25 04:00,劣Ⅴ,21.7,9.48,10.51,99.4,2.6,2.04,0.025,0.040,1.25,*,*,正常
浙江省,浙闽片河流,溪口,04-25 04:00,Ⅰ,16.0,7.01,9.17,65.8,1.3,1.20,0.107,0.009,1.56,*,*,正常
浙江省,浙闽片河流,清林渡,04-25 08:00,Ⅰ,20.7,7.62,8.35,287.3,20.1,1.50,0.025,0.005,0.05,*,*,正常
浙江省,浙闽片河流,水车,04-25 04:00,Ⅰ,22.9,8.07,9.77,118.7,23.2,1.39,0.033,0.018,1.23,*,*,正常
浙江省,浙闽片河流,大嵩,04-25 04:00,Ⅱ,21.2,7.05,7.04,130.7,20.0,1.23,0.044,0.044,2.07,*,*,正常
浙江省,浙闽片河流,浮礁渡,04-25 04:00,Ⅱ,22.3,7.81,9.22,1521.4,23.0,2.94,0.027,0.065,1.61,*,*,正常
浙江省,浙闽片河流,北湖中心,04-25 04:00,Ⅲ,21.0,7.68,5.68,98.6,36.4,1.45,0.025,0.018,1.13,0.008,880086,正常
浙江省,浙闽片河流,长汀,04-25 04:00,Ⅱ,21.6,8.26,9.18,134.5,10.1,1.64,0.044,0.030,1.90,*,*,正常
浙江省,浙闽片河流,菁江渡（浦口闸）,04-25 04:00,Ⅱ,21.7,7.08,6.92,184.0,24.4,1.94,0.173,0.037,2.59,*,*,正常
浙江省,浙闽片河流,梁桥,04-25 04:00,Ⅱ,17.9,6.97,9.29,69.5,29.4,1.38,0.048,0.069,2.07,*,*,正常
浙江省,浙闽片河流,四灶浦闸,04-25 04:00,Ⅲ,21.3,8.55,8.60,3563.7,7.0,5.02,0.025,0.049,0.83,*,*,正常
浙江省,浙闽片河流,赵山渡,04-25 08:00,Ⅱ,19.3,6.70,9.84,51.7,1.0,1.10,0.095,0.030,1.04,*,*,正常
浙江省,浙闽片河流,小旦,04-25 08:00,Ⅱ,20.2,8.36,9.12,84.1,34.2,0.86,0.025,0.028,1.04,*,*,正常
浙江省,浙闽片河流,龙湾, ,,--,--,--,--,--,--,--,--,--,*,*,维护
浙江省,浙闽片河流,大荆,04-25 08:00,劣Ⅴ,23.5,9.38,12.50,91.3,8.4,0.56,0.025,0.019,0.97,*,*,正常
浙江省,浙闽片河流,蒲岐,04-25 08:00,Ⅲ,22.8,7.34,6.94,406.3,24.3,3.79,0.946,0.084,3.04,*,*,正常
浙江省,浙闽片河流,沙头,04-25 08:00,Ⅰ,22.2,7.51,9.12,40.7,9.5,0.42,0.038,0.012,0.64,*,*,正常
浙江省,浙闽片河流,清水埠,04-25 08:00,劣Ⅴ,20.1,9.17,6.61,2228.0,1372.4,2.16,0.100,0.057,1.32,*,*,正常
浙江省,浙闽片河流,江口渡,04-25 04:00,,22.7,7.36,7.38,20140.8,2130.3,--,--,--,--,*,*,维护
浙江省,浙闽片河流,第三农业站,04-25 08:00,Ⅱ,20.9,7.84,6.69,27910.0,987.6,2.61,0.051,0.056,2.48,*,*,正常
浙江省,太湖流域,斜路港,04-25 08:00,Ⅱ,21.2,7.02,6.92,479.0,92.7,3.94,0.057,*,*,*,*,正常
浙江省,太湖流域,王江泾,04-25 04:00,Ⅳ,22.3,7.35,4.63,561.2,31.4,3.49,0.126,0.060,3.09,*,*,正常
浙江省,太湖流域,湘家荡,04-25 04:00,Ⅱ,20.5,8.53,8.90,458.9,14.4,2.96,0.029,0.049,0.61,*,*,正常
浙江省,太湖流域,池家浜水文站,04-25 04:00,Ⅱ,21.2,7.79,7.65,437.1,40.3,3.60,0.064,0.054,2.44,*,*,正常
浙江省,太湖流域,尤甪村,04-25 04:00,Ⅲ,21.2,7.33,5.73,428.5,41.7,4.14,0.233,0.151,3.45,*,*,正常
浙江省,太湖流域,长山闸一号桥,04-25 04:00,Ⅳ,21.3,7.34,4.60,426.9,111.3,4.12,0.228,0.149,2.93,*,*,正常
浙江省,太湖流域,南台头闸一号桥,04-25 04:00,Ⅴ,21.3,7.19,2.09,405.5,108.5,3.31,0.223,0.145,2.56,*,*,正常
浙江省,太湖流域,上塘河排涝闸,04-25 04:00,Ⅳ,21.4,8.02,9.57,426.8,76.1,6.73,0.062,0.164,1.88,*,*,正常
浙江省,太湖流域,盐官排涝枢纽,04-25 04:00,Ⅲ,21.6,8.78,6.42,369.3,126.8,4.41,0.050,0.088,2.96,*,*,正常
浙江省,太湖流域,卫八路桥（嘉兴金桥）,04-25 04:00,Ⅲ,21.0,7.62,6.41,632.4,66.6,4.53,0.159,0.134,3.47,*,*,正常
浙江省,太湖流域,漕廊公路桥,04-25 04:00,Ⅳ,21.1,7.62,6.15,528.7,36.3,8.49,0.311,0.284,2.48,*,*,正常
浙江省,太湖流域,清凉大桥,04-25 04:00,Ⅲ,21.1,7.43,5.99,506.0,76.6,4.05,0.102,0.109,3.60,*,*,正常
浙江省,太湖流域,红旗塘大坝,04-25 04:00,Ⅲ,16.4,7.61,6.38,437.0,33.8,4.06,0.099,0.083,3.32,*,*,正常
浙江省,太湖流域,枫南大桥,04-25 04:00,Ⅳ,21.4,7.22,4.42,408.9,66.0,4.20,0.356,0.156,3.67,*,*,正常
浙江省,太湖流域,青阳汇,04-25 04:00,Ⅲ,22.2,7.38,6.30,364.0,29.0,3.86,0.161,0.130,3.83,*,*,正常
浙江省,太湖流域,小新村,04-25 04:00,Ⅲ,21.7,7.58,6.56,452.1,53.0,4.28,0.148,0.168,3.07,*,*,正常
浙江省,太湖流域,乌镇北,04-25 04:00,Ⅲ,18.5,7.76,5.86,378.6,72.5,3.60,0.059,0.102,3.55,*,*,正常
浙江省,太湖流域,新港口(新塘港),04-25 08:00,Ⅲ,20.0,7.11,6.73,228.2,85.3,1.94,0.110,0.101,3.26,0.031,*,正常
浙江省,太湖流域,大钱,04-25 04:00,Ⅱ,20.7,7.59,6.16,346.2,47.0,3.11,0.052,0.050,3.07,*,*,正常
浙江省,太湖流域,南浔,04-25 04:00,Ⅲ,21.1,7.23,5.40,384.4,77.2,3.66,0.125,0.090,2.74,*,*,正常
浙江省,太湖流域,城南翻水站,04-25 04:00,Ⅲ,20.2,6.93,5.63,162.4,23.0,2.87,0.173,0.116,3.17,*,*,正常
浙江省,太湖流域,城西大桥,04-25 08:00,Ⅱ,21.0,7.42,6.79,277.7,50.9,2.15,0.215,0.053,3.07,*,*,正常
浙江省,太湖流域,汤溇,04-25 04:00,Ⅱ,22.0,7.44,6.17,349.6,27.4,3.17,0.113,0.055,2.35,*,*,正常
浙江省,太湖流域,塘浦,04-25 04:00,Ⅱ,17.8,7.36,8.07,117.1,34.8,1.24,0.029,0.040,1.68,*,*,正常
浙江省,太湖流域,荆湾,04-25 08:00,Ⅱ,20.1,8.10,7.85,160.3,81.3,0.63,0.098,0.049,2.08,*,*,正常
浙江省,太湖流域,铁路桥,04-25 04:00,Ⅱ,20.1,7.22,7.16,180.6,37.0,1.72,0.123,0.046,2.48,*,*,正常
浙江省,太湖流域,小梅口,04-25 08:00,Ⅱ,19.0,7.27,8.85,180.1,96.5,2.48,0.131,0.067,3.08,*,*,正常
浙江省,太湖流域,杨家浦,04-25 08:00,Ⅲ,21.8,7.76,5.51,314.2,64.2,3.24,0.378,0.071,1.97,*,*,正常
浙江省,太湖流域,新塘, ,,--,--,--,--,--,--,--,--,--,*,*,维护
浙江省,太湖流域,合溪,04-25 04:00,Ⅱ,22.2,7.30,6.35,244.2,45.5,3.44,0.253,0.043,2.03,*,*,正常
浙江省,浙闽片河流,曹娥江大闸闸前,04-25 08:00,Ⅱ,21.8,8.26,9.00,261.7,25.1,2.40,0.048,0.040,2.13,*,*,正常
浙江省,浙闽片河流,屠家埠,04-25 08:00,Ⅲ,23.1,7.29,7.50,136.8,12.7,2.00,0.200,0.103,2.13,*,*,正常
浙江省,浙闽片河流,葛山头,04-25 08:00,Ⅳ,22.0,7.06,4.72,177.8,10.0,3.00,0.340,0.040,2.06,*,*,正常
浙江省,浙闽片河流,湄池,04-25 04:00,Ⅱ,21.6,7.31,6.74,280.9,45.7,3.48,0.165,0.080,2.32,*,*,正常
浙江省,浙闽片河流,王家泾,04-25 04:00,Ⅲ,22.9,7.09,5.79,203.4,6.6,3.75,0.043,0.059,1.79,*,*,正常
浙江省,浙闽片河流,长诏水库出口,04-25 08:00,Ⅰ,14.2,7.30,10.90,54.6,12.1,1.88,0.027,0.005,1.60,*,*,正常
浙江省,浙闽片河流,汤曹汇合口,04-25 04:00,Ⅱ,21.6,7.39,8.31,168.1,16.4,2.01,0.081,0.036,2.36,*,*,正常
浙江省,浙闽片河流,义东桥,04-25 08:00,Ⅳ,22.9,7.56,3.16,304.8,7.2,3.40,0.702,0.117,2.94,*,*,正常
浙江省,浙闽片河流,塔下洲,04-25 08:00,Ⅲ,24.7,7.04,5.58,366.6,16.8,3.76,0.472,0.102,--,*,*,维护
浙江省,浙闽片河流,东关桥,04-25 08:00,,25.6,7.66,9.18,467.1,7.2,--,--,--,--,*,*,维护
浙江省,浙闽片河流,费垅,04-25 08:00,Ⅲ,24.2,6.70,5.14,344.8,23.7,3.62,0.109,0.127,--,*,*,维护
浙江省,浙闽片河流,台口,04-25 08:00,Ⅱ,23.0,7.85,7.28,197.3,7.5,2.44,0.153,0.057,1.78,*,*,正常
浙江省,浙闽片河流,南江桥,04-25 08:00,,23.9,7.78,7.13,331.2,28.4,--,0.266,0.062,2.43,*,*,维护
浙江省,浙闽片河流,上仙屋,04-25 08:00,Ⅲ,22.5,7.76,7.59,466.2,46.9,4.53,0.404,0.076,3.02,*,*,正常
浙江省,浙闽片河流,横山,04-25 08:00,,24.1,7.38,9.30,362.5,16.8,--,0.271,0.054,2.00,*,*,维护
浙江省,浙闽片河流,洪坞桥,04-25 08:00,Ⅲ,24.8,7.18,6.75,302.1,3.4,2.36,0.160,0.122,3.61,*,*,正常
浙江省,浙闽片河流,章店,04-25 08:00,,22.7,7.98,3.66,188.5,3.5,--,0.546,0.132,--,*,*,维护
浙江省,浙闽片河流,将军岩,04-25 08:00,Ⅱ,22.7,7.72,7.84,234.4,10.1,1.80,0.086,0.033,1.74,*,*,正常
浙江省,浙闽片河流,浮石渡,04-25 04:00,Ⅱ,22.6,7.89,8.41,160.7,8.9,0.70,0.050,0.035,1.71,*,*,正常
浙江省,浙闽片河流,富足山,04-25 04:00,Ⅲ,22.3,7.11,5.96,150.3,8.1,1.36,0.048,0.021,1.33,*,*,正常
浙江省,浙闽片河流,双塔底,04-25 04:00,Ⅱ,22.4,6.87,8.48,119.4,16.8,1.59,0.049,0.068,1.45,*,*,正常
浙江省,浙闽片河流,双港口,04-25 04:00,Ⅱ,21.1,7.23,7.63,126.6,3.5,1.46,0.025,0.062,1.39,*,*,正常
浙江省,浙闽片河流,郑家,04-25 04:00,Ⅱ,21.0,6.52,7.56,74.0,7.1,1.27,0.049,0.030,1.17,*,*,正常
浙江省,浙闽片河流,下界首,04-25 04:00,Ⅰ,22.0,7.78,9.99,139.9,8.6,0.71,0.025,0.018,1.00,*,*,正常
浙江省,浙闽片河流,下童,04-25 04:00,Ⅱ,21.3,7.26,8.57,217.5,10.5,1.89,0.077,0.044,2.45,*,*,正常
浙江省,浙闽片河流,铜山源水库,04-25 04:00,劣Ⅴ,21.8,9.13,13.08,87.0,7.7,1.75,0.025,0.018,0.68,0.015,4346000,正常
浙江省,浙闽片河流,东迹渡,04-25 04:00,Ⅱ,18.2,6.92,6.53,50.3,9.2,0.76,0.037,0.054,0.92,*,*,正常
浙江省,长江流域,苏庄,04-25 04:00,Ⅰ,21.0,7.05,7.66,61.8,2.2,1.22,0.025,0.013,0.65,*,*,正常
浙江省,浙闽片河流,临城,04-25 04:00,Ⅱ,21.1,7.06,6.51,483.0,3.3,3.38,0.178,0.084,2.20,*,*,正常
浙江省,浙闽片河流,坝口,04-25 08:00,Ⅱ,19.2,8.17,10.20,59.7,2.7,0.77,0.032,0.013,0.45,*,*,正常
浙江省,浙闽片河流,老鼠屿,04-25 08:00,Ⅲ,22.0,8.05,5.77,22224.9,1778.1,3.92,0.155,0.062,2.01,*,*,正常
浙江省,浙闽片河流,金清新闸,04-25 08:00,Ⅲ,20.3,7.44,5.88,3115.6,8.8,3.92,0.635,0.086,2.96,*,*,正常
浙江省,浙闽片河流,里石门水库,04-25 08:00,,21.4,6.72,8.63,64.6,0.9,1.01,--,0.010,0.63,0.003,3816166,维护
浙江省,浙闽片河流,温峤,04-25 08:00,Ⅲ,22.9,7.44,5.04,891.4,26.1,3.21,0.870,0.162,3.21,*,*,正常
浙江省,浙闽片河流,江口,04-25 08:00,Ⅳ,21.8,7.03,5.00,125.0,9.8,1.77,0.275,0.039,0.85,*,*,正常
浙江省,浙闽片河流,沙段,04-25 08:00,Ⅱ,21.3,7.30,8.38,119.1,8.9,0.92,0.097,0.042,1.50,*,*,正常
浙江省,浙闽片河流,柏枝岙,04-25 08:00,Ⅱ,23.5,7.30,8.50,115.5,7.3,1.47,0.025,0.030,1.31,*,*,正常
浙江省,浙闽片河流,均溪,04-25 08:00,Ⅱ,19.2,7.47,9.99,41.2,306.7,0.38,0.230,0.030,1.18,*,*,正常
浙江省,浙闽片河流,风化,04-25 08:00,Ⅱ,20.3,7.10,8.90,93.1,197.4,1.54,0.025,0.033,1.54,*,*,正常
浙江省,浙闽片河流,临江,04-25 08:00,Ⅱ,22.7,7.42,7.03,60.2,13.7,1.40,0.184,0.042,0.72,*,*,正常
浙江省,浙闽片河流,松阳二中,04-25 08:00,Ⅱ,21.5,7.20,7.82,123.3,6.7,1.78,0.149,0.034,1.57,*,*,正常
浙江省,浙闽片河流,堰后,04-25 08:00,Ⅱ,21.5,6.85,9.85,107.7,7.4,1.18,0.136,0.038,1.51,*,*,正常
浙江省,浙闽片河流,沙湾上,04-25 08:00,Ⅱ,21.4,7.10,8.90,29.5,6.1,2.21,0.147,0.021,0.33,*,*,正常
浙江省,浙闽片河流,外舍,04-25 08:00,Ⅰ,20.8,7.40,8.68,29.3,6.6,0.80,0.036,0.005,0.36,*,*,正常
浙江省,浙闽片河流,小溪口,04-25 08:00,Ⅰ,21.4,7.73,10.27,62.6,6.2,1.46,0.075,0.018,1.01,*,*,正常
浙江省,浙闽片河流,石溪（石门洞）,04-25 08:00,Ⅱ,21.2,7.10,7.48,66.6,7.5,0.99,0.038,0.026,1.22,*,*,正常
安徽省,巢湖流域,湖滨(老),04-25 04:00,Ⅳ,24.1,6.67,6.22,379.2,163.8,5.25,0.205,0.075,1.88,0.024,*,正常
安徽省,巢湖流域,同大排灌站,04-25 04:00,Ⅳ,22.5,8.05,6.00,224.3,468.6,6.34,0.783,0.190,4.59,*,*,正常
安徽省,巢湖流域,通讯塔,04-25 04:00,Ⅳ,24.5,8.79,5.12,795.5,45.0,4.14,1.401,0.097,5.41,*,*,正常
安徽省,巢湖流域,青台山大桥,04-25 04:00,Ⅳ,22.7,7.54,4.53,346.9,79.0,5.73,0.160,0.063,1.18,*,*,正常
安徽省,巢湖流域,三胜大队渡口,04-25 08:00,Ⅲ,22.5,7.87,7.58,287.4,117.3,4.12,0.584,0.084,2.06,*,*,正常
安徽省,巢湖流域,入湖口渡口,04-25 08:00,Ⅱ,24.1,7.83,8.05,290.5,65.7,3.79,0.025,0.070,1.93,*,*,正常
安徽省,巢湖流域,肥西化肥厂下,04-25 08:00,Ⅲ,22.6,7.28,6.02,701.3,73.6,5.00,0.378,0.060,5.10,*,*,正常
安徽省,巢湖流域,北闸渡口(杭埠河),04-25 04:00,Ⅱ,23.3,7.47,8.23,207.8,6.8,3.22,0.060,0.073,1.39,*,*,正常
安徽省,巢湖流域,希望桥,04-25 08:00,Ⅳ,21.7,7.14,3.07,530.8,6.6,4.50,0.140,0.106,5.74,*,*,正常
安徽省,巢湖流域,石堆渡口,04-25 04:00,Ⅲ,23.1,7.68,5.44,239.4,213.0,4.68,0.990,0.070,2.78,*,*,正常
安徽省,巢湖流域,柘皋大桥,04-25 08:00,Ⅲ,22.7,7.53,5.20,313.4,73.9,4.52,0.519,0.109,1.40,*,*,正常
安徽省,巢湖流域,湖滨,04-25 08:00,Ⅳ,22.9,7.50,7.96,350.0,149.1,5.14,0.081,0.091,2.39,0.008,6308778,正常
安徽省,巢湖流域,黄麓,04-25 08:00,Ⅳ,21.7,7.86,8.50,280.2,217.6,4.34,0.029,0.078,3.17,0.022,8147448,正常
安徽省,巢湖流域,三河镇大桥,04-25 08:00,Ⅱ,23.8,7.58,7.11,244.9,31.4,3.63,0.058,0.063,1.76,*,*,正常
安徽省,巢湖流域,三河镇新大桥,04-25 08:00,Ⅱ,24.2,8.32,8.15,137.2,30.0,2.57,0.184,0.041,1.13,*,*,正常
安徽省,巢湖流域,施口,04-25 08:00,Ⅳ,23.6,7.73,3.35,718.1,83.2,4.70,1.361,0.190,5.90,*,*,正常
安徽省,巢湖流域,靠近大坝,04-25 08:00,Ⅱ,20.1,7.70,7.67,177.3,13.9,1.95,0.046,0.013,0.81,0.010,515697,正常
安徽省,巢湖流域,新河入湖区,04-25 08:00,Ⅳ,22.8,7.99,8.06,217.2,210.2,4.67,0.025,0.094,2.23,0.016,11208800,正常
安徽省,巢湖流域,西半湖湖心,04-25 08:00,Ⅴ,22.6,7.83,7.83,321.2,199.2,4.91,0.025,0.112,2.34,0.027,24428380,正常
安徽省,巢湖流域,龟山,04-25 08:00,Ⅳ,23.4,8.21,8.00,276.0,73.9,3.57,0.069,0.054,1.56,0.017,2931220,正常
安徽省,巢湖流域,忠庙, ,,--,--,--,--,--,--,--,--,--,--,--,维护
安徽省,巢湖流域,兆河入湖区,04-25 08:00,Ⅳ,21.0,7.85,8.54,263.1,103.3,4.52,0.025,0.066,2.20,0.023,7632451,正常
安徽省,巢湖流域,双桥河入湖口,04-25 08:00,Ⅱ,25.4,7.72,7.72,484.1,41.8,3.87,0.194,0.095,2.13,*,*,正常
安徽省,巢湖流域,庐江缺口,04-25 08:00,Ⅳ,23.8,7.54,4.57,301.9,70.0,3.69,0.729,0.086,2.34,*,*,正常
安徽省,长江流域,东西梁山,04-25 08:00,Ⅱ,19.6,7.71,7.16,300.8,48.7,2.22,0.136,0.080,2.19,*,*,正常
安徽省,长江流域,宝塔根,04-25 08:00,Ⅱ,20.3,7.39,8.30,134.3,80.7,2.57,0.347,0.085,1.91,*,*,正常
安徽省,巢湖流域,裕溪口,04-25 04:00,Ⅱ,22.9,7.34,7.13,305.4,120.8,3.50,0.342,0.080,2.37,*,*,正常
安徽省,长江流域,荻港,04-25 08:00,Ⅱ,22.6,7.63,6.67,372.9,78.5,3.39,0.036,0.078,1.87,*,*,正常
安徽省,长江流域,鲁港桥,04-25 04:00,Ⅱ,21.0,7.20,6.00,158.1,43.8,3.10,0.309,0.068,1.87,*,*,正常
安徽省,淮河流域,沫河口,04-25 08:00,Ⅱ,21.0,7.34,7.21,450.0,34.0,2.89,0.053,0.067,3.18,*,*,正常
安徽省,淮河流域,关咀,04-25 04:00,劣Ⅴ,19.3,9.30,4.80,957.7,33.1,5.32,0.025,0.179,1.04,*,*,正常
安徽省,淮河流域,五河,04-25 04:00,Ⅱ,20.6,8.78,11.60,957.5,4.9,3.99,0.025,0.050,0.63,*,*,正常
安徽省,淮河流域,蚌埠固镇,04-25 08:00,Ⅲ,21.4,8.12,8.24,1518.1,70.4,4.46,0.162,0.134,1.69,*,*,正常
安徽省,淮河流域,蚌埠闸上(蚌埠闸),04-25 04:00,Ⅲ,21.5,7.28,5.01,476.5,50.6,2.55,0.025,0.087,2.77,*,*,正常
安徽省,淮河流域,湖沟,04-25 04:00,Ⅲ,21.6,8.30,10.08,1986.2,19.1,5.23,0.118,0.093,1.76,*,*,正常
安徽省,淮河流域,石头埠(老), ,,--,--,--,--,--,--,--,*,*,*,*,维护
安徽省,淮河流域,石头埠,04-25 04:00,Ⅱ,21.1,7.53,6.01,448.9,17.3,2.69,0.025,0.076,3.31,*,*,正常
安徽省,淮河流域,鲁台孜, ,,--,--,--,--,--,--,--,--,--,*,*,维护
安徽省,淮河流域,西淝河闸下,04-25 04:00,,21.8,8.23,6.22,840.3,203.1,--,0.025,0.042,1.85,*,*,维护
安徽省,淮河流域,瓦埠湖,04-25 08:00,Ⅲ,24.1,8.22,8.83,306.3,17.8,4.14,0.025,0.020,1.76,0.004,1146049,正常
安徽省,淮河流域,新城口,04-25 04:00,,20.6,7.43,5.29,344.0,19.1,--,--,0.071,2.12,*,*,维护
安徽省,淮河流域,焦岗湖,04-25 08:00,Ⅲ,22.8,8.01,7.53,547.9,25.3,5.15,0.046,0.030,0.44,0.006,12512360,正常
安徽省,淮河流域,大店岗,04-25 04:00,,19.6,7.16,8.82,133.0,206.1,--,0.025,--,0.77,*,*,维护
安徽省,淮河流域,五里闸,04-25 04:00,,24.2,7.58,7.21,311.7,191.3,--,0.131,0.043,2.67,*,*,维护
安徽省,淮河流域,白洋淀渡口,04-25 04:00,Ⅲ,24.5,8.27,9.57,293.9,78.8,4.13,0.095,0.049,2.03,*,*,正常
安徽省,长江流域,三兴村,04-25 04:00,Ⅱ,19.6,7.09,8.09,371.3,43.5,1.56,0.068,0.085,2.53,*,*,正常
安徽省,长江流域,采石河下游,04-25 08:00,Ⅱ,22.6,7.33,6.24,286.4,26.3,2.37,0.418,0.093,1.39,*,*,正常
安徽省,长江流域,得胜河入江口,04-25 08:00,Ⅳ,21.0,7.68,4.52,381.7,48.5,4.13,0.350,0.104,2.47,*,*,正常
安徽省,长江流域,姑溪河大桥,04-25 08:00,Ⅱ,21.2,7.44,8.10,160.4,54.6,1.74,0.184,0.038,1.73,*,*,正常
安徽省,长江流域,当涂查湾,04-25 08:00,Ⅱ,20.2,7.35,7.77,140.4,32.2,1.60,0.141,0.048,2.02,*,*,正常
安徽省,淮河流域,小王桥,04-25 04:00,Ⅳ,22.4,8.29,11.24,1596.9,48.6,7.20,0.045,0.097,1.45,*,*,正常
安徽省,淮河流域,后常桥,04-25 04:00,Ⅲ,22.7,8.39,14.31,1736.7,9.2,5.90,0.025,0.071,1.06,*,*,正常
安徽省,淮河流域,李大桥闸,04-25 08:00,劣Ⅴ,23.0,9.75,15.62,1266.2,3.4,4.03,0.061,0.032,0.39,*,*,正常
安徽省,长江流域,顺安河入江口,04-25 04:00,Ⅱ,18.8,7.59,7.60,423.5,43.4,1.96,0.030,0.041,1.39,*,*,正常
安徽省,长江流域,陈家墩,04-25 04:00,Ⅱ,19.3,7.81,8.22,309.1,36.9,1.48,0.050,0.067,1.66,*,*,正常
安徽省,长江流域,菜子湖,04-25 08:00,Ⅳ,24.7,8.01,8.99,136.9,219.7,5.28,0.029,0.068,0.60,0.031,44762350,正常
安徽省,长江流域,枞阳大闸,04-25 04:00,Ⅱ,24.2,7.25,6.06,185.4,192.1,3.48,0.215,0.061,1.17,*,*,正常
安徽省,长江流域,龙感湖湖心（皖）,04-25 08:00,Ⅴ,28.0,7.90,7.03,247.0,179.3,4.12,0.025,0.102,0.83,0.005,7010467,正常
安徽省,长江流域,武昌湖,04-25 04:00,,23.4,7.07,6.59,115.0,24.3,--,--,--,--,0.004,3632496,维护
安徽省,长江流域,皖河口,04-25 04:00,Ⅱ,17.5,7.31,8.37,285.2,46.2,1.62,0.025,0.067,2.06,*,*,正常
安徽省,长江流域,前江口, ,,--,--,--,--,--,--,--,--,--,*,*,维护
安徽省,长江流域,花亭湖坝前,04-25 04:00,劣Ⅴ,20.3,9.20,10.64,89.3,2.4,1.66,0.025,0.016,0.66,0.040,1359843,正常
安徽省,长江流域,华阳河入江口,04-25 04:00,Ⅱ,23.1,7.11,6.37,219.5,117.6,2.80,0.148,0.058,2.23,*,*,正常
安徽省,长江流域,大官湖,04-25 08:00,Ⅴ,23.2,7.60,6.95,221.8,143.7,3.29,0.025,0.125,0.31,0.005,5543112,正常
安徽省,长江流域,黄湖,04-25 08:00,Ⅴ,23.4,7.95,7.76,247.4,225.7,2.41,0.025,0.185,1.06,0.012,14094840,正常
安徽省,长江流域,水厂取水口,04-25 04:00,Ⅰ,23.8,7.33,10.19,111.9,16.2,1.17,0.025,0.014,0.95,*,*,正常
安徽省,长江流域,皖河大桥,04-25 04:00,Ⅱ,21.4,6.86,9.19,113.5,126.6,3.68,0.058,0.051,1.18,*,*,正常
安徽省,长江流域,车轴寺大桥,04-25 04:00,Ⅱ,21.6,7.51,8.90,100.3,35.0,2.82,0.040,0.052,2.54,*,*,正常
安徽省,浙闽片河流,篁墩,04-25 04:00,Ⅱ,21.5,7.18,7.44,120.4,8.1,1.91,0.025,0.066,1.27,*,*,正常
安徽省,浙闽片河流,率水大桥,04-25 04:00,Ⅱ,20.8,6.51,8.28,51.8,6.2,1.88,0.025,0.039,1.18,*,*,正常
安徽省,浙闽片河流,横江大桥,04-25 04:00,Ⅱ,22.3,6.91,7.65,156.8,18.0,3.15,0.041,0.071,1.34,*,*,正常
安徽省,浙闽片河流,浦口,04-25 04:00,Ⅱ,21.5,7.93,8.07,193.9,9.3,2.79,0.041,0.090,2.31,*,*,正常
安徽省,长江流域,湖心,04-25 08:00,Ⅱ,20.8,8.89,10.50,99.4,2.9,1.64,0.025,0.010,1.33,0.004,4207024,正常
安徽省,浙闽片河流,新管,04-25 04:00,Ⅱ,22.1,7.40,7.09,176.4,16.4,1.40,0.025,0.055,2.10,*,*,正常
安徽省,淮河流域,天长化工厂,04-25 04:00,,21.7,7.71,5.37,578.9,36.1,4.69,--,0.104,--,*,*,维护
安徽省,淮河流域,公路桥,04-25 04:00,Ⅲ,22.0,7.72,7.37,382.7,9.8,4.19,0.145,0.052,1.07,*,*,正常
安徽省,淮河流域,小柳巷,04-25 04:00,Ⅲ,20.7,7.58,5.78,413.3,34.8,3.20,0.025,0.076,2.57,*,*,正常
安徽省,长江流域,水口,04-25 04:00,Ⅳ,25.4,7.24,10.84,1026.9,31.7,9.88,0.558,0.192,5.15,*,*,正常
安徽省,长江流域,乌衣下,04-25 08:00,Ⅲ,23.8,7.64,9.91,699.3,22.0,4.98,0.227,0.076,6.29,*,*,正常
安徽省,长江流域,化肥厂下,04-25 04:00,Ⅲ,23.5,7.39,6.36,366.6,21.2,5.14,0.122,0.117,1.28,*,*,正常
安徽省,长江流域,清流河口,04-25 04:00,Ⅲ,23.3,7.80,11.19,596.7,13.6,5.32,0.046,0.047,2.62,*,*,正常
安徽省,淮河流域,阜阳段下,04-25 04:00,Ⅲ,21.5,7.92,8.29,913.1,3.9,4.48,0.228,0.137,4.67,*,*,正常
安徽省,淮河流域,杨湖,04-25 04:00,Ⅲ,22.3,7.91,8.50,854.3,3.7,3.20,0.025,0.104,4.48,*,*,正常
安徽省,淮河流域,张大桥, ,,--,--,--,--,--,--,--,--,--,*,*,不具备运行条件
安徽省,淮河流域,王家坝,04-25 04:00,Ⅲ,23.3,7.40,7.53,372.0,23.0,3.49,0.045,0.135,2.07,*,*,正常
安徽省,淮河流域,界首七渡口(七渡口),04-25 04:00,Ⅲ,22.1,7.88,6.89,940.4,52.9,4.80,0.025,0.092,5.27,*,*,正常
安徽省,淮河流域,阜南,04-25 04:00,Ⅱ,23.1,8.30,9.48,560.0,3.8,3.88,0.025,0.063,0.55,*,*,正常
安徽省,淮河流域,阜阳段上游,04-25 04:00,Ⅳ,19.7,7.43,3.38,898.3,0.6,2.36,0.025,0.087,5.92,*,*,正常
安徽省,淮河流域,杨庄,04-25 04:00,Ⅲ,21.3,7.62,8.30,1127.4,75.1,5.22,0.191,*,*,*,*,正常
安徽省,淮河流域,泗县公路桥,04-25 04:00,劣Ⅴ,21.7,8.83,8.54,1191.6,58.0,21.49,0.075,*,*,*,*,正常
安徽省,淮河流域,奎河苏皖省界（黄桥）, ,,--,--,--,--,--,--,--,--,--,*,*,维护
安徽省,淮河流域,东坪集,04-25 04:00,Ⅲ,22.4,8.29,9.49,2065.4,29.6,4.05,0.039,0.059,1.46,*,*,正常
安徽省,淮河流域,符离闸,04-25 04:00,Ⅲ,21.6,8.45,10.36,976.8,15.5,5.43,0.043,0.075,1.94,*,*,正常
安徽省,淮河流域,芦岭桥,04-25 04:00,劣Ⅴ,21.1,9.07,12.19,1536.2,9.9,5.36,0.025,0.032,0.62,*,*,正常
安徽省,淮河流域,下楼公路桥,04-25 04:00,劣Ⅴ,23.1,9.14,12.98,907.0,8.3,4.73,0.056,0.060,2.84,*,*,正常
安徽省,淮河流域,工农兵大桥,04-25 04:00,,22.1,7.13,2.87,312.9,19.0,2.84,0.163,--,2.08,*,*,维护
安徽省,巢湖流域,河口大桥,04-25 04:00,,--,--,--,--,--,0.98,0.025,0.019,1.17,*,*,维护
安徽省,淮河流域,陶洪集,04-25 04:00,,21.3,7.66,9.87,100.0,13.3,--,--,--,--,*,*,维护
安徽省,淮河流域,东湖闸,04-25 04:00,,23.1,7.33,6.92,182.4,26.6,--,--,0.039,1.37,*,*,维护
安徽省,淮河流域,新安渡口, ,,--,--,--,--,--,--,--,--,--,*,*,维护
安徽省,淮河流域,响洪甸水库出水口,04-25 04:00,,13.3,6.90,9.69,61.5,0.7,--,--,0.010,0.95,*,*,维护
安徽省,淮河流域,丁埠大桥,04-25 04:00,,23.6,8.02,8.28,114.3,1.8,--,0.025,0.038,0.70,*,*,维护
安徽省,淮河流域,固始李畈,04-25 04:00,Ⅰ,19.9,7.44,10.91,180.9,2.0,1.09,0.025,0.017,1.40,*,*,正常
安徽省,淮河流域,龙亢,04-25 04:00,Ⅲ,22.7,8.07,8.92,1468.7,48.4,4.18,0.048,0.058,3.58,*,*,正常
安徽省,淮河流域,岳坊大桥,04-25 04:00,,21.9,8.36,8.83,1287.6,3.4,5.15,--,--,--,*,*,维护
安徽省,淮河流域,刘寨村后,04-25 04:00,Ⅲ,24.1,8.76,16.29,1531.3,9.4,5.88,0.025,0.075,4.03,*,*,正常
安徽省,淮河流域,涡阳义门大桥,04-25 04:00,Ⅲ,23.8,8.69,14.31,1753.4,10.5,5.11,0.047,0.059,2.84,*,*,正常
安徽省,淮河流域,利辛段,04-25 08:00,劣Ⅴ,23.3,9.10,10.19,737.1,35.3,0.29,0.069,0.064,0.76,*,*,正常
安徽省,长江流域,香口(东至龙江水厂),04-25 04:00,Ⅱ,17.4,7.68,7.18,314.4,7.2,1.26,0.025,0.054,1.85,*,*,正常
安徽省,长江流域,五步沟,04-25 04:00,Ⅱ,19.2,7.63,8.22,308.1,32.6,1.31,0.061,0.076,1.48,*,*,正常
安徽省,长江流域,张溪,04-25 04:00,Ⅰ,22.9,7.77,9.09,202.1,48.4,1.32,0.025,0.019,1.56,*,*,正常
安徽省,长江流域,中心点,04-25 08:00,Ⅱ,22.5,8.84,9.94,174.0,8.0,2.55,0.025,0.016,0.62,0.010,4691275,正常
安徽省,长江流域,入江口,04-25 04:00,Ⅱ,21.4,7.65,8.42,225.6,32.5,1.58,0.048,0.029,1.86,*,*,正常
安徽省,长江流域,双丰,04-25 04:00,Ⅰ,20.4,8.02,8.40,158.4,8.8,1.12,0.025,0.015,0.88,*,*,正常
安徽省,长江流域,东流,04-25 04:00,Ⅱ,23.3,7.22,7.44,97.9,67.0,1.02,0.052,0.029,1.39,*,*,正常
安徽省,长江流域,雁翅,04-25 04:00,Ⅰ,22.1,6.74,10.59,213.1,49.0,1.50,0.133,*,*,*,*,正常
安徽省,长江流域,西湖湖心,04-25 08:00,Ⅲ,21.6,7.72,7.95,155.5,19.4,2.47,0.046,0.031,1.57,0.004,4371916,正常
安徽省,长江流域,管家渡,04-25 08:00,Ⅱ,21.5,6.97,7.68,172.3,29.2,2.54,0.116,0.083,2.07,*,*,正常
安徽省,长江流域,汪溪,04-25 08:00,Ⅲ,19.0,7.15,7.86,146.2,26.5,2.04,0.313,0.165,2.17,*,*,正常
安徽省,长江流域,狮子口,04-25 08:00,Ⅳ,21.2,6.76,3.31,329.9,43.5,3.93,0.508,0.130,3.28,*,*,正常
安徽省,长江流域,泗安塘东村桥,04-25 04:00,Ⅱ,20.3,7.64,6.67,398.2,7.8,2.06,0.025,0.035,1.47,*,*,正常
安徽省,长江流域,水碧桥,04-25 04:00,Ⅱ,22.0,7.33,6.82,186.4,20.6,2.11,0.038,0.044,2.26,*,*,正常
福建省,浙闽片河流,白岩潭, ,,--,--,--,--,--,--,--,*,*,*,*,维护
福建省,浙闽片河流,闽侯竹岐,04-25 08:00,Ⅱ,21.8,6.69,8.46,108.6,17.9,1.24,0.033,0.037,1.49,*,*,正常
福建省,浙闽片河流,闽安,04-25 04:00,Ⅱ,19.9,7.35,9.62,78.6,27.7,2.60,0.025,0.060,1.67,*,*,正常
福建省,浙闽片河流,连江琯头,04-25 08:00,Ⅱ,20.3,6.93,8.47,7351.8,2.7,2.50,0.053,0.049,1.77,*,*,正常
福建省,浙闽片河流,连江荷山渡口,04-25 04:00,Ⅴ,23.7,7.29,7.80,97.5,422.4,4.72,0.308,0.386,3.05,*,*,正常
福建省,浙闽片河流,永泰横龙,04-25 08:00,Ⅱ,22.8,7.62,9.87,47.0,11.2,2.10,0.025,0.017,0.34,*,*,正常
福建省,浙闽片河流,闽清雄江,04-25 08:00,Ⅱ,22.0,6.85,6.73,97.7,4.2,1.48,0.040,0.033,1.45,*,*,正常
福建省,浙闽片河流,隘头潭,04-25 08:00,Ⅲ,26.0,6.97,7.53,87.9,10.1,1.65,0.046,0.114,2.03,*,*,正常
福建省,浙闽片河流,园头桥,04-25 04:00,Ⅲ,25.4,6.14,5.97,137.6,18.8,1.82,0.137,0.123,2.97,*,*,正常
福建省,浙闽片河流,将乐万全,04-25 04:00,Ⅱ,17.8,7.08,7.85,48.5,18.0,1.34,0.115,0.029,0.82,*,*,正常
福建省,浙闽片河流,宁化肖家,04-25 04:00,Ⅲ,21.7,6.90,9.34,82.7,16.7,2.42,0.127,0.124,1.60,*,*,正常
福建省,浙闽片河流,永安安砂水库下游,04-25 04:00,Ⅱ,20.6,6.43,6.14,100.8,5.8,0.86,0.035,0.040,1.32,*,*,正常
福建省,浙闽片河流,永安贡川桥,04-25 08:00,Ⅱ,21.3,6.86,6.87,136.4,7.7,1.74,0.124,0.055,1.33,*,*,正常
福建省,浙闽片河流,斑竹溪渡口,04-25 04:00,Ⅱ,20.6,6.72,6.06,161.3,11.6,1.73,0.307,0.076,1.88,*,*,正常
福建省,浙闽片河流,建宁袁庄,04-25 04:00,Ⅱ,21.4,6.76,7.75,68.4,8.4,2.19,0.074,0.071,1.40,*,*,正常
福建省,浙闽片河流,大田高才,04-25 04:00,Ⅱ,23.5,8.04,9.92,146.2,9.0,2.37,0.088,0.039,1.06,*,*,正常
福建省,浙闽片河流,尤溪拥口大桥,04-25 08:00,Ⅲ,19.8,6.45,5.83,126.8,5.4,2.22,0.076,0.045,1.45,*,*,正常
福建省,浙闽片河流,南安康美桥,04-25 08:00,Ⅱ,21.7,7.09,7.40,162.2,10.9,1.66,0.046,0.075,2.58,*,*,正常
福建省,浙闽片河流,库心,04-25 08:00,劣Ⅴ,25.5,9.53,15.54,174.3,7.3,2.60,0.025,0.010,1.51,0.009,6874600,正常
福建省,浙闽片河流,南安霞东桥,04-25 08:00,,23.3,6.49,4.37,130.2,14.5,2.28,--,0.081,3.10,*,*,维护
福建省,浙闽片河流,华安西陂,04-25 08:00,Ⅲ,22.1,7.07,5.81,255.5,8.7,1.64,0.186,0.064,1.84,*,*,正常
福建省,浙闽片河流,南靖靖城桥,04-25 08:00,Ⅱ,25.4,6.72,6.43,164.8,16.0,3.19,0.157,0.076,4.16,*,*,正常
福建省,浙闽片河流,南靖洪濑汤坑桥,04-25 08:00,Ⅲ,26.2,6.85,5.22,287.0,19.5,2.12,0.365,0.150,13.14,*,*,正常
福建省,浙闽片河流,长泰洛宾,04-25 08:00,Ⅳ,27.8,6.56,6.64,175.2,36.4,3.22,0.701,0.223,4.59,*,*,正常
福建省,浙闽片河流,南溪浮宫桥,04-25 08:00,Ⅴ,23.4,7.28,6.02,24968.1,38.4,6.73,0.199,0.384,1.35,*,*,正常
福建省,浙闽片河流,上坂,04-25 08:00,Ⅱ,25.8,6.97,8.46,234.1,18.8,3.94,0.098,0.075,4.32,*,*,正常
福建省,浙闽片河流,云霄高塘渡口,04-25 08:00,Ⅲ,26.2,8.17,8.02,828.9,9.6,3.28,0.069,0.117,2.52,*,*,正常
福建省,浙闽片河流,水汾桥,04-25 08:00,Ⅱ,23.3,6.91,6.53,230.0,8.0,2.03,0.179,0.081,2.00,*,*,正常
福建省,浙闽片河流,十里庵,04-25 04:00,Ⅱ,21.1,6.88,6.99,95.1,39.5,1.72,0.145,0.083,1.83,*,*,正常
福建省,浙闽片河流,邵武晒口桥,04-25 04:00,Ⅱ,20.3,6.78,8.64,36.3,31.1,2.16,0.107,0.099,0.94,*,*,正常
福建省,浙闽片河流,武夷山兴田,04-25 08:00,Ⅱ,20.7,6.46,8.43,43.8,25.3,1.67,0.048,0.039,0.65,*,*,正常
福建省,浙闽片河流,建瓯蓬墩,04-25 08:00,Ⅱ,21.2,6.97,8.49,52.4,16.7,1.44,0.100,0.052,0.82,*,*,正常
福建省,浙闽片河流,浪石,04-25 04:00,Ⅱ,21.1,6.95,6.76,78.9,32.2,2.12,0.268,0.066,1.46,*,*,正常
福建省,浙闽片河流,将乐樟应,04-25 08:00,Ⅱ,20.9,6.68,7.05,57.6,22.9,1.48,0.057,0.039,0.86,*,*,正常
福建省,浙闽片河流,建阳坪州大桥,04-25 08:00,Ⅱ,21.5,6.61,8.14,71.6,8.5,1.90,0.039,0.074,0.98,*,*,正常
福建省,浙闽片河流,政和西津,04-25 04:00,Ⅱ,22.2,7.35,7.92,65.5,5.7,2.59,0.201,0.064,1.28,*,*,正常
福建省,浙闽片河流,松溪岩下,04-25 08:00,Ⅱ,22.5,7.14,8.03,43.3,27.6,2.38,0.056,0.067,0.89,*,*,正常
福建省,浙闽片河流,雁石桥,04-25 08:00,,24.8,7.10,4.32,381.2,15.7,1.91,--,0.111,2.67,*,*,维护
福建省,珠江流域,长汀美溪桥,04-25 08:00,Ⅲ,24.8,6.85,5.68,119.5,10.5,2.82,0.117,0.102,1.54,*,*,正常
福建省,珠江流域,上杭李家坪,04-25 08:00,Ⅱ,23.8,7.23,6.96,141.7,5.8,1.78,0.056,0.077,1.44,*,*,正常
福建省,浙闽片河流,福鼎会甲溪,04-25 04:00,,21.1,7.09,8.69,60.5,76.6,--,0.071,*,*,*,*,维护
福建省,浙闽片河流,福安赛岐,04-25 04:00,Ⅲ,20.3,6.23,8.09,61.7,87.7,2.26,0.201,0.120,0.08,*,*,正常
福建省,浙闽片河流,八都,04-25 08:00,,19.7,6.70,8.63,47.5,7.4,--,0.025,--,1.52,*,*,维护
福建省,浙闽片河流,福安白塔,04-25 08:00,Ⅱ,17.9,6.91,8.43,41.4,20.8,1.57,0.040,0.055,0.88,*,*,正常
福建省,浙闽片河流,古田黄田,04-25 04:00,Ⅲ,21.8,7.02,5.19,118.2,10.3,1.30,0.143,0.052,1.49,*,*,正常
福建省,浙闽片河流,福安洪口,04-25 04:00,劣Ⅴ,20.6,5.82,8.06,47.9,12.2,1.91,0.089,0.101,1.46,*,*,正常
江西省,长江流域,周坊,04-25 04:00,Ⅱ,21.1,7.35,9.86,173.1,23.2,1.51,0.025,0.052,1.94,*,*,正常
江西省,长江流域,大港,04-25 08:00,Ⅱ,22.7,7.06,9.18,160.7,41.4,2.36,0.034,0.044,1.47,*,*,正常
江西省,长江流域,新联,04-25 04:00,Ⅱ,22.7,6.67,8.69,132.9,51.8,3.29,0.042,0.073,1.86,*,*,正常
江西省,长江流域,南矶山,04-25 08:00,Ⅳ,25.2,6.66,6.71,180.2,47.5,6.05,0.520,0.062,2.36,0.02,8666973,正常
江西省,长江流域,生米,04-25 08:00,Ⅱ,21.2,6.80,8.08,161.0,22.6,1.84,0.066,0.053,0.70,*,*,正常
江西省,长江流域,滁槎,04-25 04:00,Ⅱ,21.3,6.77,7.14,179.7,27.4,2.09,0.056,0.077,2.35,*,*,正常
江西省,长江流域,塔城,04-25 04:00,Ⅱ,24.0,6.87,8.52,84.1,18.3,0.84,0.416,0.058,1.47,*,*,正常
江西省,长江流域,八一桥, ,,--,--,--,--,--,--,--,--,--,*,*,维护
江西省,长江流域,鲇鱼山,04-25 04:00,Ⅱ,21.8,7.31,7.17,89.0,35.1,2.42,0.025,0.030,0.96,*,*,正常
江西省,长江流域,戴村,04-25 08:00,Ⅱ,22.6,7.47,8.85,280.2,14.0,2.32,0.025,0.031,1.21,*,*,正常
江西省,长江流域,野鸡山村, ,,--,--,--,--,--,--,--,--,--,*,*,维护
江西省,长江流域,南河河口,04-25 04:00,,24.2,7.44,7.05,164.3,10.0,2.62,0.150,--,--,*,*,维护
江西省,长江流域,镇埠,04-25 04:00,Ⅱ,19.8,7.08,8.69,66.0,20.0,2.44,0.025,0.031,1.32,*,*,正常
江西省,长江流域,龙山口,04-25 08:00,Ⅲ,21.5,7.60,5.37,226.2,10.6,2.84,0.208,0.074,0.92,*,*,正常
江西省,长江流域,桐车湾,04-25 08:00,Ⅲ,22.7,7.63,6.95,310.4,33.6,2.99,0.497,0.136,2.27,*,*,正常
江西省,长江流域,金鱼石,04-25 08:00,Ⅱ,24.0,7.84,6.97,315.8,12.6,2.32,0.163,0.089,2.10,*,*,正常
江西省,长江流域,棚下(杨村),04-25 08:00,Ⅱ,22.1,7.31,7.69,187.9,16.7,2.41,0.076,0.087,0.99,*,*,正常
江西省,长江流域,邓家洲,04-25 04:00,Ⅳ,20.7,7.93,4.35,341.1,30.2,3.04,0.031,0.087,1.39,*,*,正常
江西省,长江流域,吴城修河,04-25 08:00,Ⅱ,21.4,7.92,9.66,143.4,--,1.32,0.210,0.031,1.08,*,*,维护
江西省,长江流域,姚港(河西水厂),04-25 04:00,Ⅱ,18.3,7.81,8.52,335.2,33.7,2.16,0.025,0.089,1.92,*,*,正常
江西省,长江流域,湖口,04-25 04:00,Ⅱ,18.7,7.89,8.16,373.9,25.4,1.39,0.025,0.058,1.84,*,*,正常
江西省,长江流域,蛤蟆石,04-25 04:00,Ⅲ,21.8,7.36,8.74,134.7,34.0,2.08,0.025,0.045,2.10,0.019,1037480,正常
江西省,长江流域,都昌,04-25 04:00,Ⅲ,24.1,7.08,7.10,114.2,14.5,2.40,0.025,0.031,1.26,0.021,1262124,正常
江西省,长江流域,潦河河口,04-25 08:00,Ⅱ,25.0,7.36,7.39,125.9,33.2,2.28,0.232,0.092,1.45,*,*,正常
江西省,长江流域,三都,04-25 04:00,Ⅱ,19.9,7.56,7.36,54.6,45.8,0.66,0.025,0.019,1.03,*,*,正常
江西省,长江流域,坝上,04-25 08:00,Ⅰ,20.3,7.54,9.37,82.8,8.2,1.86,0.025,0.007,0.87,*,*,正常
江西省,长江流域,洋港镇,04-25 04:00,,21.7,8.21,7.64,261.9,17.1,--,0.025,0.015,1.14,*,*,维护
江西省,长江流域,修水界上桥,04-25 04:00,,18.2,6.71,7.03,70.4,131.6,--,--,--,--,*,*,维护
江西省,长江流域,共青城寨下,04-25 08:00,Ⅳ,23.4,7.71,6.49,288.0,12.2,6.30,0.379,0.150,2.51,*,*,正常
江西省,长江流域,罗坊,04-25 08:00,Ⅱ,24.3,7.38,6.29,276.8,12.5,1.87,0.116,0.065,1.47,*,*,正常
江西省,长江流域,孔目江江口,04-25 08:00,Ⅲ,23.3,7.50,6.84,286.2,27.8,2.83,0.497,0.101,1.49,*,*,正常
江西省,长江流域,湖心岛,04-25 08:00,Ⅲ,23.3,7.82,8.84,228.0,26.9,3.92,0.097,0.041,1.27,0.027,37683360,正常
江西省,长江流域,浮桥,04-25 08:00,Ⅱ,22.0,7.31,6.54,235.5,23.9,2.46,0.086,0.041,1.26,*,*,正常
江西省,长江流域,炭埠周家（梅港）,04-25 08:00,Ⅱ,22.5,6.62,6.66,129.0,3.8,2.31,0.025,0.054,1.37,*,*,正常
江西省,长江流域,白塔河河口,04-25 08:00,Ⅱ,23.3,6.96,8.06,49.4,16.2,2.94,0.188,0.049,0.83,*,*,正常
江西省,长江流域,土桥,04-25 08:00,Ⅱ,22.1,6.64,7.84,100.9,3.9,1.78,0.206,0.055,1.22,*,*,正常
江西省,长江流域,市自来水厂,04-25 08:00,Ⅱ,23.2,6.81,6.32,149.5,15.2,2.04,0.226,0.069,1.53,*,*,正常
江西省,长江流域,新庙前,04-25 08:00,Ⅲ,22.8,7.48,5.87,145.9,9.9,2.39,0.111,0.053,1.44,*,*,正常
江西省,长江流域,赣县梅林,04-25 08:00,,23.3,7.43,6.80,149.2,17.7,--,0.150,0.077,1.54,*,*,维护
江西省,长江流域,梓坑,04-25 08:00,Ⅱ,21.9,7.06,6.68,160.2,18.6,2.42,0.036,0.062,1.74,*,*,正常
江西省,长江流域,峡山, ,,--,--,--,--,--,--,--,--,--,*,*,不具备运行条件
江西省,长江流域,梅江江口,04-25 04:00,Ⅱ,23.0,7.13,7.24,90.8,23.1,2.32,0.187,0.087,1.03,*,*,正常
江西省,长江流域,平江江口,04-25 08:00,Ⅱ,22.7,7.35,6.71,114.5,22.2,1.61,0.279,0.073,1.32,*,*,正常
江西省,长江流域,上犹江江口,04-25 08:00,Ⅱ,22.1,6.96,8.76,134.4,20.5,1.82,0.059,0.055,1.06,*,*,正常
江西省,长江流域,龙南自来水厂,04-25 08:00,Ⅳ,23.8,7.42,4.36,202.1,6.0,2.23,0.063,0.033,1.25,*,*,正常
江西省,长江流域,桃江江口,04-25 08:00,Ⅱ,22.7,7.38,6.60,211.2,16.3,2.28,0.075,0.052,2.31,*,*,正常
江西省,长江流域,大余城郊,04-25 08:00,Ⅱ,22.0,7.40,7.30,155.4,5.0,0.81,0.081,0.031,0.84,*,*,正常
江西省,长江流域,汝城多发电站,04-25 04:00,Ⅱ,19.8,6.77,7.95,76.7,21.6,1.57,0.076,0.023,0.77,*,*,正常
江西省,珠江流域,兴宁电站,04-25 08:00,,25.0,8.96,12.69,164.5,5.0,--,--,--,--,*,*,维护
江西省,长江流域,通津,04-25 08:00,Ⅱ,23.5,6.42,6.72,128.1,10.5,2.09,0.061,0.048,1.58,*,*,正常
江西省,长江流域,金滩,04-25 08:00,Ⅱ,22.6,6.79,6.72,127.1,15.6,1.65,0.294,0.052,1.56,*,*,正常
江西省,长江流域,孤江江口,04-25 08:00,Ⅱ,20.9,6.48,7.41,66.3,46.5,2.88,0.145,0.041,0.99,*,*,正常
江西省,长江流域,禾水河口,04-25 08:00,Ⅱ,21.2,6.76,7.55,133.3,16.0,1.70,0.112,0.054,1.14,*,*,正常
江西省,长江流域,蜀水河口,04-25 08:00,Ⅱ,23.2,6.97,7.18,79.9,9.7,2.56,0.080,0.045,1.37,*,*,正常
江西省,长江流域,遂川江江口,04-25 08:00,,22.7,6.27,7.78,68.2,37.8,--,0.105,0.117,1.17,*,*,维护
江西省,长江流域,乌江江口, ,,--,--,--,--,--,--,--,--,--,*,*,维护
江西省,长江流域,大洋洲,04-25 08:00,Ⅱ,20.4,7.14,7.85,122.6,24.5,2.34,0.105,0.049,1.57,*,*,正常
江西省,长江流域,丰城小港口,04-25 08:00,,22.2,7.00,8.53,158.3,10.5,--,--,--,--,*,*,维护
江西省,长江流域,良田村,04-25 04:00,,24.4,7.05,6.10,269.4,1.1,--,0.043,0.099,1.94,*,*,维护
江西省,长江流域,三洪村,04-25 04:00,Ⅱ,24.5,7.02,6.29,140.9,26.8,1.97,0.041,0.066,1.43,*,*,正常
江西省,长江流域,港口,04-25 04:00,Ⅰ,16.3,7.42,9.24,58.0,31.6,0.37,0.025,0.005,0.56,*,*,正常
江西省,长江流域,超坊,04-25 08:00,Ⅱ,24.3,6.85,7.11,78.3,25.0,0.38,0.072,0.079,0.96,*,*,正常
江西省,长江流域,钟岭水厂,04-25 08:00,Ⅱ,22.8,6.66,8.16,74.1,26.0,3.81,0.032,0.075,1.94,*,*,正常
江西省,长江流域,临水河口,04-25 08:00,Ⅱ,23.7,6.87,8.79,81.8,20.6,1.92,0.025,0.054,1.80,*,*,正常
江西省,长江流域,鄱阳石门街,04-25 04:00,Ⅱ,21.6,7.29,7.33,54.4,22.7,2.25,0.075,0.057,1.29,*,*,正常
江西省,长江流域,瑞洪大桥,04-25 08:00,,30.5,6.95,6.92,117.6,28.5,--,0.025,--,1.17,*,*,维护
江西省,长江流域,弋阳,04-25 04:00,Ⅱ,21.4,7.13,8.14,136.9,40.2,1.92,0.034,0.058,1.13,*,*,正常
江西省,长江流域,鄱阳花园,04-25 04:00,Ⅱ,22.2,7.01,7.50,99.2,11.3,1.17,0.032,0.031,1.42,*,*,正常
江西省,长江流域,洎水河河口,04-25 04:00,Ⅱ,23.5,6.72,6.67,215.8,38.0,1.42,0.189,0.058,--,*,*,维护
江西省,长江流域,流口村,04-25 08:00,Ⅱ,22.7,7.07,7.91,171.6,29.3,2.01,0.062,0.044,1.17,*,*,正常
江西省,长江流域,铅山,04-25 04:00,Ⅱ,22.0,6.85,7.38,159.6,61.3,2.24,0.030,0.072,1.62,*,*,正常
江西省,长江流域,旗山,04-25 04:00,Ⅱ,21.6,7.24,8.79,155.8,24.8,1.56,0.060,0.047,1.29,*,*,正常
江西省,长江流域,应家坊,04-25 04:00,Ⅱ,21.9,7.06,6.50,147.8,15.5,1.09,0.079,0.060,1.21,*,*,正常
山东省,淮河流域,辛丰庄,04-25 04:00,Ⅱ,21.3,7.98,7.80,962.1,30.7,2.72,0.084,0.054,6.43,*,*,正常
山东省,海河流域,夏口,04-25 04:00,Ⅲ,20.5,8.29,9.80,2047.9,46.6,6.00,0.068,0.088,2.72,*,*,正常
山东省,黄河流域,泺口,04-25 04:00,Ⅱ,20.5,8.60,9.08,1002.3,319.8,2.10,0.155,0.068,4.67,*,*,正常
山东省,淮河流域,睦里庄,04-25 04:00,Ⅱ,21.0,7.50,6.81,713.5,7.1,3.64,0.048,0.042,1.12,*,*,正常
山东省,黄河流域,卧虎山水库,04-25 04:00,Ⅰ,17.2,8.14,9.90,625.5,12.9,1.69,0.025,0.006,7.78,*,*,正常
山东省,淮河流域,斜拉桥,04-25 08:00,Ⅲ,18.2,8.13,8.81,1522.6,2.7,5.91,0.043,0.036,2.46,*,*,正常
山东省,淮河流域,中心,04-25 08:00,Ⅱ,16.8,8.36,10.48,222.7,2.0,2.68,0.025,0.010,2.63,0.010,1313000,正常
山东省,淮河流域,马连庄,04-25 04:00,Ⅱ,20.5,7.72,6.61,997.2,4.7,2.60,0.074,0.025,20.42,*,*,正常
山东省,淮河流域,吉利河水库出口,04-25 04:00,Ⅱ,16.9,8.13,9.58,449.4,3.4,3.27,0.025,0.014,2.60,*,*,正常
山东省,淮河流域,韩旺大桥,04-25 08:00,Ⅳ,20.6,7.33,3.64,1116.6,1.5,2.35,0.025,0.023,24.66,*,*,正常
山东省,淮河流域,台儿庄大桥,04-25 08:00,Ⅱ,21.2,8.19,7.53,1236.6,29.0,2.46,0.025,0.036,3.19,*,*,正常
山东省,淮河流域,王晁桥,04-25 08:00,,23.9,7.38,3.72,1044.0,15.1,--,0.112,0.005,--,*,*,维护
山东省,淮河流域,十字河大桥,04-25 08:00,Ⅲ,20.4,8.91,12.52,1361.8,13.3,4.75,0.038,0.047,1.00,*,*,正常
山东省,淮河流域,贾庄闸,04-25 08:00,Ⅲ,22.7,8.34,12.75,1831.6,13.7,5.54,0.025,0.068,10.70,*,*,正常
山东省,淮河流域,支脉河陈桥,04-25 04:00,Ⅲ,21.5,8.03,12.66,2397.7,1.7,5.32,0.314,0.048,9.00,*,*,正常
山东省,淮河流域,东八路桥,04-25 04:00,,19.6,7.70,7.11,7709.0,35.7,--,0.025,0.082,--,*,*,维护
山东省,海河流域,滨孤路桥,04-25 08:00,Ⅴ,20.3,8.45,6.86,9342.3,77.3,12.02,0.051,0.081,2.45,*,*,正常
山东省,海河流域,五号桩,04-25 04:00,Ⅳ,20.4,8.81,7.47,13408.9,43.0,7.77,0.274,0.037,2.26,*,*,正常
山东省,淮河流域,新夹河大桥,04-25 04:00,Ⅳ,19.1,7.94,8.92,971.1,18.5,6.44,0.055,0.105,3.90,*,*,正常
山东省,淮河流域,桥头,04-25 04:00,Ⅲ,17.4,8.29,10.35,1502.2,4.1,5.73,0.074,0.076,19.94,*,*,正常
山东省,淮河流域,东村河入海口, ,,--,--,--,--,--,--,--,--,--,*,*,维护
山东省,淮河流域,羊口,04-25 04:00,Ⅲ,19.1,7.98,8.26,3838.2,43.8,5.33,0.102,0.121,8.78,*,*,正常
山东省,淮河流域,峡山水库库中,04-25 08:00,Ⅲ,16.7,8.24,9.47,875.1,758.5,4.32,0.025,0.034,3.42,0.008,3950370.00,正常
山东省,淮河流域,柳疃桥,04-25 04:00,Ⅲ,21.8,8.02,10.27,1590.8,6.0,4.78,0.025,0.087,7.76,*,*,正常
山东省,淮河流域,张建桥,04-25 04:00,Ⅲ,16.7,7.58,7.16,1984.0,78.0,4.01,0.025,0.040,11.20,*,*,正常
山东省,淮河流域,兖州南大桥,04-25 08:00,Ⅲ,22.4,7.60,8.52,886.8,10.6,4.22,0.027,0.052,3.00,*,*,正常
山东省,淮河流域,105公路桥,04-25 08:00,Ⅱ,21.2,8.12,11.77,1261.6,36.3,3.98,0.025,0.067,6.87,*,*,正常
山东省,淮河流域,高河桥(老万福河口),04-25 08:00,Ⅲ,21.4,8.14,8.72,2069.4,29.1,5.57,0.027,0.056,1.34,*,*,正常
山东省,淮河流域,西石佛,04-25 08:00,Ⅲ,22.7,7.67,12.09,1394.0,11.9,4.44,0.063,0.060,8.62,*,*,正常
山东省,淮河流域,老运河微山段,04-25 08:00,Ⅱ,21.8,7.82,11.42,1279.5,19.0,3.23,0.025,0.040,7.23,*,*,正常
山东省,淮河流域,李集,04-25 04:00,Ⅱ,19.6,8.06,10.11,1584.6,19.6,3.51,0.027,0.050,11.41,*,*,正常
山东省,淮河流域,尹沟(入湖口),04-25 04:00,Ⅳ,19.2,7.15,4.23,1234.5,10.9,3.08,0.053,0.045,1.90,0.028,*,正常
山东省,淮河流域,东石佛,04-25 08:00,Ⅲ,21.1,8.06,9.04,1375.6,3.9,5.23,0.039,0.046,5.66,*,*,正常
山东省,淮河流域,西姚,04-25 08:00,Ⅲ,21.2,8.52,9.17,2641.5,10.2,5.00,0.127,0.088,3.24,*,*,正常
山东省,淮河流域,马楼,04-25 08:00,Ⅲ,20.3,8.31,10.16,1502.4,40.6,4.01,0.025,0.045,1.26,*,*,正常
山东省,淮河流域,二级坝,04-25 08:00,Ⅲ,19.5,8.27,8.14,1409.6,9.6,5.03,0.025,0.038,1.35,0.068,100500000,正常
山东省,淮河流域,牛庄闸,04-25 08:00,Ⅲ,22.9,7.31,7.32,955.6,11.2,2.62,0.025,0.137,5.80,*,*,正常
山东省,淮河流域,湘子庙,04-25 08:00,Ⅲ,21.6,8.17,8.71,2733.2,17.9,5.11,0.095,0.071,2.97,*,*,正常
山东省,淮河流域,新薛河入湖口,04-25 08:00,Ⅲ,21.8,8.77,10.63,2285.6,6.4,4.65,0.025,0.030,4.95,*,*,正常
山东省,淮河流域,喻屯,04-25 08:00,Ⅳ,18.6,7.86,4.91,2751.5,6.4,5.42,0.046,0.029,0.81,*,*,正常
山东省,黄河流域,王台大桥(流泽桥),04-25 04:00,,21.4,7.62,5.63,1377.7,500.0,--,--,0.030,--,*,*,维护
山东省,黄河流域,徐家汶,04-25 08:00,Ⅲ,20.5,7.41,5.52,1600.1,29.6,3.99,0.052,0.056,--,*,*,维护
山东省,淮河流域,南桥,04-25 04:00,Ⅳ,19.0,8.58,5.10,1096.4,16.1,7.66,0.080,0.167,18.41,*,*,正常
山东省,淮河流域,大古镇, ,,--,--,--,--,--,--,--,--,--,*,*,维护
山东省,淮河流域,夏庄（道口）,04-25 08:00,Ⅳ,22.6,7.78,3.84,1990.2,6.9,6.60,0.036,0.090,2.43,*,*,正常
山东省,黄河流域,贺小庄,04-25 08:00,Ⅱ,19.5,7.83,7.12,1249.3,3.0,3.10,0.038,0.020,5.71,*,*,正常
山东省,淮河流域,清泉寺,04-25 08:00,Ⅲ,21.5,8.68,12.03,1184.1,9.5,6.00,0.025,*,*,*,*,正常
山东省,淮河流域,重坊桥,04-25 08:00,Ⅳ,20.8,7.55,3.76,675.6,3.3,5.54,0.098,*,*,*,*,正常
山东省,淮河流域,临沂北大桥,04-25 08:00,Ⅱ,20.3,8.38,9.88,788.5,5.0,3.80,0.031,0.038,9.62,*,*,正常
山东省,淮河流域,捷庄(涝沟桥),04-25 08:00,Ⅲ,22.6,8.17,8.66,760.4,24.5,5.72,0.025,0.109,8.86,*,*,正常
山东省,淮河流域,临沭大兴桥,04-25 08:00,Ⅳ,21.9,8.65,11.92,1168.5,7.9,6.31,0.042,0.098,5.92,*,*,正常
山东省,淮河流域,310公路桥,04-25 08:00,Ⅲ,21.0,7.37,6.07,449.1,8.0,5.83,0.079,0.097,1.86,*,*,正常
山东省,淮河流域,沙沟桥(赵楼),04-25 08:00,Ⅲ,21.2,8.88,7.17,628.4,7.2,4.92,0.043,0.064,7.09,*,*,正常
山东省,淮河流域,云蒙湖湖心,04-25 08:00,Ⅱ,18.5,8.22,11.05,559.1,4.1,2.55,0.034,0.010,7.32,0.004,3433840,正常
山东省,海河流域,第三店,04-25 04:00,Ⅱ,20.3,8.27,10.19,1222.1,26.5,3.86,0.040,0.045,4.96,*,*,正常
山东省,海河流域,前油坊,04-25 08:00,Ⅳ,20.7,8.25,11.02,2049.1,22.8,6.48,0.060,0.107,3.84,*,*,正常
山东省,海河流域,董姑桥,04-25 04:00,Ⅲ,16.8,8.27,8.15,1738.1,14.8,5.63,0.068,0.124,2.82,*,*,正常
山东省,海河流域,北湖,04-25 04:00,Ⅱ,17.0,8.47,8.94,1031.4,3.4,2.82,0.025,0.009,3.10,0.022,1262700,正常
山东省,海河流域,小泊头桥,04-25 08:00,Ⅲ,17.6,8.16,6.81,2603.5,14.5,5.36,0.025,0.054,7.62,*,*,正常
山东省,海河流域,胜利桥,04-25 04:00,Ⅲ,18.2,8.27,9.12,3673.8,13.4,5.69,0.070,0.065,4.29,*,*,正常
山东省,海河流域,富国,04-25 04:00,Ⅲ,15.4,7.95,6.74,3887.6,29.2,4.11,0.049,0.020,4.24,*,*,正常
山东省,海河流域,王杠子闸,04-25 04:00,Ⅳ,21.6,8.46,12.60,--,36.2,6.32,0.030,0.055,4.26,*,*,维护
山东省,海河流域,芦家河子水库,04-25 04:00,Ⅱ,20.8,8.33,9.01,1029.5,35.4,1.95,0.041,0.043,1.86,*,*,正常
山东省,海河流域,三角洼水库,04-25 04:00,Ⅰ,20.5,8.06,7.96,1056.8,22.4,1.72,0.025,0.009,3.16,*,*,正常
山东省,淮河流域,西闸,04-25 08:00,Ⅲ,21.8,8.00,5.96,2092.7,45.0,4.54,0.144,0.080,8.09,*,*,正常
山东省,淮河流域,范李,04-25 08:00,Ⅲ,21.4,7.94,9.44,2095.1,42.0,4.35,0.096,0.072,6.78,*,*,正常
山东省,海河流域,大山,04-25 04:00,Ⅲ,19.4,8.31,9.04,3894.8,63.3,5.55,0.069,0.080,5.75,*,*,正常
山东省,海河流域,邵家,04-25 04:00,Ⅳ,20.7,7.58,4.22,10878.6,33.2,7.81,0.612,0.125,9.76,*,*,正常
山东省,淮河流域,于楼,04-25 08:00,Ⅳ,19.1,7.81,3.04,1922.2,25.0,7.83,0.025,0.188,1.90,*,*,正常
河南省,黄河流域,七里铺,04-25 08:00,劣Ⅴ,20.6,8.13,8.37,709.3,55.9,3.26,2.191,0.070,5.03,*,*,正常
河南省,淮河流域,尖岗水库,04-25 04:00,Ⅰ,18.8,8.49,9.43,284.6,1.8,1.84,0.052,0.010,1.09,*,*,正常
河南省,淮河流域,通许邸阁,04-25 08:00,Ⅲ,21.7,8.91,9.96,897.2,13.9,5.16,0.204,0.059,1.14,*,*,正常
河南省,黄河流域,高崖寨,04-25 08:00,Ⅱ,21.2,8.04,6.77,522.0,8.2,2.53,0.049,0.019,3.58,*,*,正常
河南省,黄河流域,龙门大桥,04-25 08:00,Ⅱ,21.7,7.75,8.66,678.4,13.3,2.70,0.072,0.027,6.42,*,*,正常
河南省,淮河流域,紫罗山,04-25 04:00,Ⅱ,20.8,7.33,6.79,363.0,14.4,2.45,0.025,0.031,1.99,*,*,正常
河南省,黄河流域,白马寺,04-25 08:00,Ⅱ,21.9,8.04,8.68,565.4,12.2,1.66,0.052,0.071,4.89,*,*,正常
河南省,黄河流域,洛宁长水,04-25 04:00,Ⅰ,11.2,8.33,10.94,448.6,3.6,1.40,0.025,0.010,2.61,*,*,正常
河南省,黄河流域,潭头,04-25 08:00,Ⅰ,17.4,7.91,7.52,506.6,7.8,0.71,0.025,0.010,2.74,*,*,正常
河南省,淮河流域,大陈闸,04-25 04:00,Ⅱ,23.1,7.81,11.31,870.1,7.5,3.73,0.025,0.029,8.84,*,*,正常
河南省,淮河流域,白龟山水库,04-25 08:00,Ⅱ,19.8,8.27,9.01,691.5,2.2,2.47,0.025,0.005,3.21,0.010,366492,正常
河南省,淮河流域,石漫滩水库,04-25 04:00,Ⅱ,21.3,8.18,9.56,416.2,5.5,3.01,0.030,0.014,1.86,*,*,正常
河南省,淮河流域,昭平台水库,04-25 04:00,Ⅱ,20.3,8.20,9.10,250.3,4.2,2.56,0.025,0.015,1.66,0.001,4149270,正常
河南省,海河流域,彰武水库,04-25 08:00,Ⅱ,20.6,8.56,12.08,644.0,4.2,2.01,0.058,0.005,5.77,*,*,正常
河南省,海河流域,冯宿桥, ,,--,--,--,--,--,--,--,--,--,*,*,维护
河南省,海河流域,南谷洞水库,04-25 04:00,Ⅰ,13.2,8.47,10.37,458.6,2.5,0.98,0.025,0.013,--,*,*,维护
河南省,海河流域,五陵,04-25 08:00,Ⅳ,21.2,8.21,10.82,1497.5,96.6,5.03,0.039,0.206,11.24,*,*,正常
河南省,海河流域,弓上水库,04-25 08:00,Ⅰ,16.8,8.18,10.74,494.2,12.6,0.70,0.025,0.011,3.93,*,*,正常
河南省,海河流域,黄花营,04-25 04:00,,28.1,8.28,8.12,3.9,0.6,--,--,--,--,*,*,维护
河南省,海河流域,卫辉下马营,04-25 08:00,Ⅳ,21.2,8.36,8.19,1726.4,61.4,5.50,0.815,0.237,9.26,*,*,正常
河南省,海河流域,前枋城,04-25 08:00,Ⅰ,20.0,8.73,8.88,572.3,9.3,1.78,0.095,0.005,6.89,*,*,正常
河南省,海河流域,小河口,04-25 04:00,Ⅲ,21.0,7.87,8.40,1502.7,54.4,4.24,0.656,0.151,9.13,*,*,正常
河南省,海河流域,修武水文站,04-25 08:00,Ⅲ,22.5,7.71,7.57,--,79.0,4.94,0.620,0.174,6.34,*,*,维护
河南省,海河流域,获嘉东碑村,04-25 08:00,Ⅳ,22.8,7.56,3.19,--,15.6,5.90,0.260,0.176,5.97,*,*,维护
河南省,黄河流域,封丘王堤,04-25 08:00,Ⅲ,21.8,8.83,8.60,968.3,49.8,4.67,0.025,0.055,2.17,*,*,正常
河南省,海河流域,新乡贾太湖,04-25 08:00,Ⅱ,19.3,7.84,8.58,846.4,42.2,2.39,0.025,0.045,3.96,*,*,正常
河南省,黄河流域,贾垓桥（张秋）,04-25 08:00,,16.6,8.66,--,2003.2,14.4,--,--,--,--,*,*,维护
河南省,海河流域,南乐元村集,04-25 08:00,Ⅲ,15.3,8.10,11.42,1157.3,71.1,3.41,0.705,0.104,6.56,*,*,正常
河南省,海河流域,南乐水文站,04-25 04:00,Ⅳ,21.7,8.15,3.61,898.0,18.5,5.10,0.333,0.062,2.55,*,*,正常
河南省,海河流域,濮阳西水坡,04-25 04:00,Ⅱ,20.6,8.59,8.45,785.4,11.0,2.62,0.025,0.009,3.27,*,*,正常
河南省,黄河流域,濮阳大韩桥,04-25 08:00,Ⅳ,19.9,7.69,6.08,1052.5,63.5,6.91,0.422,0.124,2.47,*,*,正常
河南省,淮河流域,临颍吴刘闸,04-25 08:00,,22.7,8.33,7.12,937.9,34.4,--,0.530,0.005,--,*,*,维护
河南省,淮河流域,召陵武湾（西华程湾）,04-25 04:00,Ⅱ,21.7,7.98,9.73,601.7,6.6,2.26,0.139,0.018,3.19,*,*,正常
河南省,淮河流域,郾城漯邓桥,04-25 04:00,Ⅳ,21.5,7.93,5.95,1713.9,40.3,5.76,0.098,0.223,--,*,*,维护
河南省,淮河流域,叶舞公路桥,04-25 08:00,Ⅱ,22.3,7.70,7.41,409.3,8.1,3.28,0.130,0.023,2.23,*,*,正常
河南省,淮河流域,临颍高村桥,04-25 08:00,,23.0,7.18,1.16,1207.1,23.1,--,0.250,0.005,--,*,*,维护
河南省,淮河流域,舞阳马湾,04-25 08:00,Ⅲ,22.9,8.28,15.71,829.1,53.0,5.33,0.070,0.029,5.30,*,*,正常
河南省,黄河流域,洛河大桥,04-25 04:00,Ⅱ,18.4,7.88,6.29,539.8,5.9,1.24,0.490,0.042,3.09,*,*,正常
河南省,黄河流域,窄口长桥,04-25 04:00,Ⅰ,17.2,8.20,10.08,491.1,2.9,0.89,0.025,0.005,1.57,*,*,正常
河南省,黄河流域,三门峡水库,04-25 04:00,Ⅱ,20.2,8.16,8.68,682.7,7.2,1.01,0.025,0.013,3.28,0.004,27623390,正常
河南省,长江流域,淅川荆紫关(荆紫关),04-25 04:00,Ⅱ,20.3,8.11,7.50,556.8,3.3,0.88,0.114,0.028,2.56,*,*,正常
河南省,长江流域,淅川史家湾(史家湾),04-25 04:00,Ⅰ,20.6,7.72,7.71,477.9,27.9,0.80,0.025,0.020,2.92,0.005,*,正常
河南省,长江流域,淅川高湾(高湾),04-25 04:00,Ⅰ,21.0,7.87,8.42,483.6,4.2,0.94,0.035,0.007,1.55,0.002,*,正常
河南省,长江流域,淅川张营(张营),04-25 04:00,Ⅰ,20.3,8.10,9.56,515.6,11.1,1.70,0.030,0.016,2.90,0.003,*,正常
河南省,长江流域,五龙泉,04-25 08:00,Ⅰ,19.0,8.42,9.26,288.0,2.8,1.78,0.025,0.006,1.42,0.001,846546,正常
河南省,长江流域,宋岗,04-25 08:00,Ⅰ,16.7,8.22,9.66,286.6,4.4,1.64,0.025,0.009,1.71,0.002,1006460,正常
河南省,长江流域,陶岔, ,,--,--,--,--,--,--,--,--,--,--,--,维护
河南省,长江流域,南阳盆窑,04-25 04:00,Ⅱ,22.1,8.26,9.12,289.2,27.7,3.47,0.049,0.039,1.57,*,*,正常
河南省,长江流域,三道河,04-25 04:00,Ⅱ,19.4,7.28,8.29,635.0,11.9,0.67,0.460,0.022,3.11,*,*,正常
河南省,长江流域,上河,04-25 04:00,Ⅰ,18.8,7.34,8.44,264.1,2.2,1.44,0.025,0.007,0.49,*,*,正常
河南省,长江流域,方城夏河,04-25 08:00,Ⅱ,18.0,7.67,7.97,366.1,21.3,2.80,0.104,0.030,1.87,*,*,正常
河南省,长江流域,内乡怀乡桥,04-25 04:00,Ⅰ,22.3,8.17,9.79,465.3,5.3,1.46,0.025,0.009,2.09,*,*,正常
河南省,淮河流域,吕楼桥（颜集）,04-25 04:00,,23.5,8.24,6.03,1768.8,68.0,0.32,--,--,--,*,*,维护
河南省,淮河流域,黄口,04-25 08:00,Ⅲ,19.1,7.87,5.83,2636.7,7.1,5.56,0.275,0.073,--,*,*,维护
河南省,淮河流域,睢县板桥, ,,--,--,--,--,--,--,--,--,--,*,*,不具备运行条件
河南省,淮河流域,永城张板桥,04-25 08:00,,22.2,9.24,6.34,1887.2,32.1,--,0.220,0.005,--,*,*,维护
河南省,淮河流域,蒋集,04-25 04:00,Ⅱ,23.4,8.67,10.83,176.5,36.1,2.14,0.031,*,*,*,*,正常
河南省,淮河流域,长台关甘岸桥,04-25 04:00,Ⅲ,19.0,7.50,6.36,303.7,17.6,4.24,0.029,0.033,3.49,*,*,正常
河南省,淮河流域,息县大埠口,04-25 04:00,Ⅱ,21.0,7.75,6.39,419.0,52.8,3.19,0.025,0.058,1.59,*,*,正常
河南省,淮河流域,潢川水文站,04-25 04:00,Ⅲ,19.2,7.13,5.53,216.3,32.3,2.14,0.025,0.063,2.18,*,*,正常
河南省,淮河流域,淮滨北庙,04-25 04:00,Ⅱ,25.2,6.93,6.88,217.6,37.1,2.36,0.025,0.039,0.77,*,*,正常
河南省,淮河流域,饮用水源地取水口, ,,--,--,--,--,--,--,--,--,--,--,--,维护
河南省,淮河流域,大坝北,04-25 04:00,Ⅱ,17.5,7.64,8.38,103.4,1.3,2.19,0.025,0.012,0.96,0.002,2217245,正常
河南省,淮河流域,竹竿铺,04-25 08:00,Ⅳ,19.3,7.31,4.83,196.3,51.8,1.60,0.025,0.089,1.29,*,*,正常
河南省,淮河流域,固始马罡,04-25 04:00,Ⅱ,21.3,7.36,6.79,145.0,4.0,1.74,0.025,0.007,1.07,*,*,正常
河南省,淮河流域,沈丘闸, ,,--,--,--,--,--,--,--,*,*,*,*,维护
河南省,淮河流域,老沈丘泉河桥（许庄）,04-25 04:00,Ⅳ,24.1,7.80,10.24,908.9,113.5,6.44,0.088,0.111,1.79,*,*,正常
河南省,淮河流域,西华大王庄,04-25 08:00,劣Ⅴ,23.5,7.57,5.12,1194.3,269.6,7.49,1.360,0.518,9.27,*,*,正常
河南省,淮河流域,鄢陵陶城闸,04-25 08:00,Ⅲ,23.9,8.42,21.62,921.4,10.4,5.42,0.150,0.064,5.24,*,*,正常
河南省,淮河流域,鹿邑付桥(鹿邑付桥闸),04-25 04:00,Ⅲ,21.7,8.61,16.17,1397.0,6.0,4.15,0.127,0.056,0.76,*,*,正常
河南省,淮河流域,西华址坊,04-25 08:00,,24.7,8.75,13.17,819.3,4.0,--,0.110,0.039,5.94,*,*,维护
河南省,淮河流域,鹿邑宋河桥,04-25 08:00,Ⅳ,23.6,8.67,10.95,1732.6,63.5,6.36,0.140,0.082,0.75,*,*,正常
河南省,淮河流域,新蔡班台(班台),04-25 04:00,Ⅳ,22.8,7.68,6.81,844.7,7.5,3.07,0.130,0.240,2.90,*,*,正常
河南省,淮河流域,西平杨庄,04-25 04:00,Ⅱ,22.3,7.84,11.63,921.2,36.9,3.87,0.044,0.065,5.21,*,*,正常
河南省,淮河流域,板桥水库,04-25 04:00,Ⅱ,18.5,7.86,7.12,261.0,4.8,2.80,0.077,0.009,1.12,*,*,正常
河南省,淮河流域,薄山水库,04-25 04:00,Ⅱ,19.2,8.48,9.85,303.6,1.1,2.88,0.025,0.006,1.14,*,*,正常
河南省,淮河流域,新蔡李桥,04-25 08:00,Ⅴ,22.2,7.72,4.71,962.9,2.6,6.80,0.046,0.341,5.28,*,*,正常
河南省,黄河流域,小浪底水库(小浪底),04-25 04:00,Ⅴ,21.6,7.88,6.78,877.4,3.5,1.38,1.830,0.005,--,*,*,维护
河南省,黄河流域,南山,04-25 04:00,,19.6,8.29,10.50,977.4,11.0,--,0.025,0.019,3.88,0.025,3657462,维护
湖北省,长江流域,江夏湖心,04-25 08:00,Ⅱ,22.3,8.64,6.78,135.5,1.0,3.70,0.025,0.016,0.44,0.009,5602752,正常
湖北省,长江流域,西梁子湖湖心(南北嘴),04-25 08:00,Ⅱ,22.7,7.76,8.46,138.3,14.8,2.76,0.025,0.021,0.48,0.013,4747574,正常
湖北省,长江流域,牛山湖湖心,04-25 08:00,Ⅱ,22.4,7.80,8.04,156.2,8.8,2.53,0.025,0.019,0.52,0.006,1782768,正常
湖北省,长江流域,西梁子湖湖北,04-25 08:00,Ⅱ,20.9,7.87,8.47,146.7,19.2,2.22,0.025,0.025,0.26,0.009,9233671,正常
湖北省,长江流域,西梁子湖湖南,04-25 08:00,Ⅲ,23.1,8.62,9.35,135.6,13.7,2.92,0.025,0.028,1.08,0.005,9153434,正常
湖北省,长江流域,宗关,04-25 08:00,Ⅱ,20.4,7.95,9.38,336.2,25.6,2.64,0.055,0.067,1.33,0.013,*,正常
湖北省,长江流域,杨泗港,04-25 08:00,Ⅱ,19.2,7.80,8.89,354.4,28.6,1.79,0.056,0.063,1.58,*,*,正常
湖北省,长江流域,冯集,04-25 04:00,Ⅲ,24.5,6.87,7.19,190.1,23.9,3.29,0.519,0.094,1.63,*,*,正常
湖北省,长江流域,龙口,04-25 08:00,Ⅳ,23.4,7.85,4.96,210.6,36.6,3.52,0.183,0.041,1.56,*,*,正常
湖北省,长江流域,金水闸,04-25 08:00,Ⅳ,22.4,7.29,4.47,276.3,40.0,4.50,0.121,0.071,1.73,*,*,正常
湖北省,长江流域,郭玉,04-25 04:00,Ⅳ,23.5,6.94,6.37,171.3,114.0,7.82,0.961,0.205,1.80,*,*,正常
湖北省,长江流域,滠口,04-25 04:00,Ⅲ,22.2,7.02,5.86,167.5,44.6,3.06,0.665,0.074,1.63,*,*,正常
湖北省,长江流域,港洲村,04-25 04:00,Ⅳ,24.0,7.19,4.11,361.7,116.9,2.07,0.509,0.097,2.51,*,*,正常
湖北省,长江流域,黄陵大桥,04-25 04:00,Ⅲ,23.7,7.33,8.78,492.6,50.3,4.58,0.025,0.143,2.62,*,*,正常
湖北省,长江流域,富池闸,04-25 04:00,Ⅱ,22.0,8.05,7.49,205.9,58.3,1.71,0.048,0.038,1.17,*,*,正常
湖北省,长江流域,大冶湖闸,04-25 08:00,Ⅳ,23.5,7.58,4.87,313.4,90.0,2.00,0.354,0.056,1.16,*,*,正常
湖北省,长江流域,夹河口,04-25 04:00,Ⅰ,15.2,7.84,9.10,348.5,1.1,0.47,0.025,0.012,2.00,*,*,正常
湖北省,长江流域,天河口,04-25 04:00,,19.6,7.88,7.30,528.0,20.2,0.74,0.434,--,--,*,*,维护
湖北省,长江流域,焦家院,04-25 04:00,Ⅰ,13.7,7.78,8.26,310.8,7.4,1.73,0.084,0.020,1.26,*,*,正常
湖北省,长江流域,孙家湾,04-25 04:00,Ⅴ,20.3,7.04,4.40,398.9,24.7,6.28,1.612,0.046,4.07,*,*,正常
湖北省,长江流域,浪河口,04-25 04:00,Ⅱ,19.9,7.87,9.22,175.4,48.5,2.48,0.037,0.024,4.14,*,*,正常
湖北省,长江流域,坝上中(胡家岭),04-25 08:00,Ⅰ,19.0,8.19,9.44,255.4,3.6,1.84,0.076,0.010,1.24,0.007,10046000,正常
湖北省,长江流域,黄龙1(黄龙滩水库),04-25 04:00,Ⅰ,19.6,8.82,13.24,218.8,6.5,1.72,0.055,0.005,0.88,0.008,7933923,正常
湖北省,长江流域,羊尾,04-25 04:00,Ⅰ,15.7,7.99,9.75,303.7,7.8,0.94,0.091,0.011,1.62,0.002,*,正常
湖北省,长江流域,潘口水库坝上,04-25 08:00,Ⅰ,20.2,9.00,11.39,211.7,1.6,1.03,0.025,0.005,0.69,*,*,正常
湖北省,长江流域,剑河口,04-25 08:00,Ⅰ,20.7,8.40,9.99,241.5,1.4,1.80,0.028,0.007,1.94,*,*,正常
湖北省,长江流域,东湾桥,04-25 04:00,Ⅳ,18.9,7.22,4.28,343.4,139.4,6.38,1.207,0.229,4.90,*,*,正常
湖北省,长江流域,神定河口,04-25 04:00,劣Ⅴ,20.6,6.76,6.05,402.9,316.3,14.14,4.155,0.718,10.63,*,*,正常
湖北省,长江流域,王河电站,04-25 08:00,Ⅰ,18.0,8.08,8.29,426.1,20.9,0.76,0.134,0.018,1.50,*,*,正常
湖北省,长江流域,隔河岩水库坝上,04-25 08:00,Ⅰ,20.7,8.74,11.77,240.8,1.8,0.81,0.025,0.005,2.19,0.019,984850,正常
湖北省,长江流域,长沙坝,04-25 04:00,Ⅱ,27.0,8.06,8.62,408.7,4.5,1.09,0.025,0.032,1.86,*,*,正常
湖北省,长江流域,清江大桥,04-25 04:00,Ⅲ,16.6,7.93,9.47,279.0,224.5,2.36,0.025,0.109,3.30,*,*,正常
湖北省,长江流域,马渡河,04-25 08:00,Ⅰ,15.8,7.58,8.73,332.1,10.5,1.93,0.034,0.014,3.35,*,*,正常
湖北省,长江流域,铁路大桥(小桂林),04-25 08:00,劣Ⅴ,19.8,7.58,7.90,317.6,280.3,10.20,0.026,0.460,--,*,*,维护
湖北省,长江流域,两河口(草埠湖水厂),04-25 08:00,Ⅲ,23.3,7.45,6.56,358.3,366.2,3.57,0.183,0.113,2.68,*,*,正常
湖北省,长江流域,桅杆坪,04-25 08:00,Ⅱ,15.3,7.23,8.83,279.0,4.4,2.53,0.025,0.049,3.52,*,*,正常
湖北省,长江流域,白石港, ,,--,--,--,--,--,--,--,--,--,*,*,维护
湖北省,长江流域,云池(白洋),04-25 08:00,,16.3,7.80,8.80,284.3,37.7,--,--,--,--,*,*,维护
湖北省,长江流域,翟湾,04-25 08:00,Ⅴ,21.3,7.34,4.33,379.1,307.0,6.96,0.564,0.316,6.89,*,*,正常
湖北省,长江流域,埠口,04-25 08:00,Ⅲ,22.8,7.88,6.07,538.7,151.1,4.40,0.117,0.083,4.36,*,*,正常
湖北省,长江流域,张湾,04-25 04:00,Ⅲ,21.7,8.35,8.96,401.4,50.7,4.27,0.713,0.093,2.91,*,*,正常
湖北省,长江流域,白家湾,04-25 08:00,Ⅱ,15.1,8.19,10.78,328.6,5.5,2.19,0.025,0.009,1.28,*,*,正常
湖北省,长江流域,余家湖,04-25 04:00,Ⅱ,19.0,7.88,9.88,292.2,8.1,2.22,0.056,0.044,--,*,*,维护
湖北省,长江流域,聂家滩,04-25 08:00,劣Ⅴ,17.7,7.35,6.72,340.0,17.1,3.37,5.033,0.084,7.06,*,*,正常
湖北省,长江流域,汤店,04-25 08:00,劣Ⅴ,21.8,7.07,4.30,334.6,238.7,8.71,4.711,0.330,6.88,*,*,正常
湖北省,长江流域,沈湾,04-25 08:00,Ⅱ,12.0,7.89,9.76,319.7,6.2,1.31,0.048,0.021,1.59,*,*,正常
湖北省,长江流域,朱市,04-25 04:00,Ⅲ,20.7,7.75,7.56,448.9,57.0,2.82,0.544,0.082,2.31,*,*,正常
湖北省,长江流域,茶庵,04-25 08:00,Ⅱ,20.3,7.63,6.66,258.3,11.1,1.20,0.097,0.005,1.38,*,*,正常
湖北省,长江流域,燕矶,04-25 08:00,Ⅱ,19.1,7.48,7.53,251.9,18.6,1.38,0.258,0.086,--,*,*,维护
湖北省,长江流域,漳河水库库心,04-25 08:00,Ⅰ,18.8,8.06,8.98,331.6,2.2,1.62,0.025,0.005,0.72,0.001,8811415,正常
湖北省,长江流域,转斗,04-25 08:00,Ⅱ,19.2,7.70,10.01,419.0,12.7,2.11,0.025,0.038,1.74,*,*,正常
湖北省,长江流域,罗汉闸,04-25 08:00,,20.3,7.65,9.02,345.5,37.8,--,--,--,--,*,*,维护
湖北省,长江流域,皇庄,04-25 08:00,Ⅱ,19.2,8.07,10.29,385.1,14.2,2.09,0.025,0.040,1.40,*,*,正常
湖北省,长江流域,京山河邓李港, ,,--,--,--,--,--,--,--,--,--,*,*,维护
湖北省,长江流域,马良龚家湾,04-25 08:00,Ⅳ,24.8,7.28,5.43,1705.0,153.6,7.46,0.125,0.233,3.22,*,*,正常
湖北省,长江流域,应城公路桥,04-25 08:00,Ⅱ,24.1,7.79,6.95,304.7,29.5,3.21,0.095,0.057,0.63,*,*,正常
湖北省,长江流域,田店泵站, ,,--,--,--,--,--,--,--,--,--,*,*,维护
湖北省,长江流域,垌冢桥,04-25 04:00,Ⅲ,22.7,7.45,7.89,483.4,71.9,4.43,0.094,0.131,2.08,*,*,正常
湖北省,长江流域,新沟闸, ,,--,--,--,--,--,--,--,--,--,*,*,维护
湖北省,长江流域,小河,04-25 08:00,Ⅱ,20.9,8.19,8.88,360.0,56.9,2.25,0.039,0.063,1.78,*,*,正常
湖北省,长江流域,孝昌王店,04-25 08:00,,--,--,--,--,--,--,0.025,--,--,*,*,维护
湖北省,长江流域,孝感河口大桥,04-25 08:00,Ⅱ,21.3,7.49,8.28,314.2,0.7,2.04,0.025,0.033,1.78,*,*,正常
湖北省,长江流域,安陆桑树, ,,--,--,--,--,--,--,--,--,--,*,*,维护
湖北省,长江流域,鲢鱼地泵站, ,,--,--,--,--,--,--,--,--,--,*,*,维护
湖北省,长江流域,隔卜桥,04-25 08:00,Ⅱ,24.1,7.78,7.46,445.2,38.2,3.70,0.112,0.065,2.21,*,*,正常
湖北省,长江流域,五岭子,04-25 04:00,Ⅰ,18.6,8.06,8.53,416.5,12.3,1.23,0.094,*,*,*,*,正常
湖北省,长江流域,排水闸,04-25 04:00,,25.2,7.68,6.97,368.2,55.7,--,--,--,--,0.034,10050140,维护
湖北省,长江流域,观音寺, ,,--,--,--,--,--,--,--,--,--,*,*,维护
湖北省,长江流域,新刘家台,04-25 04:00,Ⅲ,20.3,7.53,8.78,337.9,119.4,4.39,0.096,0.104,2.04,*,*,正常
湖北省,长江流域,汉洪大桥, ,,--,--,--,--,--,--,--,--,--,*,*,维护
湖北省,长江流域,荆州河口, ,,--,--,--,--,--,--,--,--,--,*,*,维护
湖北省,长江流域,康家岗,04-25 08:00,Ⅱ,20.7,8.41,10.38,347.6,9.7,1.34,0.025,0.047,1.88,*,*,正常
湖北省,长江流域,新河村,04-25 04:00,Ⅳ,23.9,7.42,4.44,446.7,48.6,6.02,0.133,0.158,1.68,*,*,正常
湖北省,长江流域,新滩,04-25 04:00,Ⅳ,23.9,7.39,4.90,430.3,112.1,8.39,0.178,0.161,2.17,*,*,正常
湖北省,长江流域,淤泥湖, ,,--,--,--,--,--,--,--,--,--,*,*,维护
湖北省,长江流域,杨家垱,04-25 08:00,Ⅱ,22.6,7.72,8.50,377.5,24.0,2.18,0.025,0.052,2.08,*,*,正常
湖北省,长江流域,柳口,04-25 08:00,Ⅱ,19.4,8.26,8.98,351.0,9.5,1.32,0.025,0.048,1.57,*,*,正常
湖北省,长江流域,调关,04-25 08:00,Ⅱ,19.4,7.93,8.23,368.7,3.7,1.10,0.165,0.062,1.95,*,*,正常
湖北省,长江流域,砖瓦厂, ,,--,--,--,--,--,--,--,--,--,*,*,维护
湖北省,长江流域,乌溪沟,04-25 08:00,Ⅲ,18.0,8.05,7.90,342.5,77.0,2.45,0.050,0.114,2.38,*,*,正常
湖北省,长江流域,陶冲村,04-25 04:00,Ⅱ,22.9,6.75,6.83,135.3,4.2,2.09,0.054,*,*,*,*,正常
湖北省,长江流域,中官浦,04-25 04:00,Ⅱ,20.2,7.55,7.63,329.2,58.1,1.33,0.025,0.022,1.74,*,*,正常
湖北省,长江流域,周八家,04-25 04:00,Ⅲ,24.1,6.93,5.81,188.0,7.3,2.58,0.062,*,*,*,*,正常
湖北省,长江流域,库坝上,04-25 04:00,劣Ⅴ,21.5,9.19,8.56,106.0,0.8,2.45,0.025,0.023,1.06,0.005,4679565,正常
湖北省,长江流域,巴河镇河口,04-25 04:00,Ⅱ,20.9,8.06,7.42,145.4,10.2,3.12,0.025,0.046,1.06,*,*,正常
湖北省,长江流域,西河驿,04-25 04:00,Ⅲ,23.7,7.01,7.08,131.4,62.9,3.64,0.054,0.130,1.54,*,*,正常
湖北省,长江流域,兰溪大桥,04-25 04:00,Ⅱ,20.9,7.74,7.18,124.6,18.5,3.05,0.025,0.058,1.16,*,*,正常
湖北省,长江流域,中官铺,04-25 08:00,Ⅱ,19.1,7.43,7.95,297.3,48.4,2.20,0.025,0.057,1.75,*,*,正常
湖北省,长江流域,咸宁湖心,04-25 08:00,Ⅲ,22.6,8.48,8.35,203.0,5.9,2.58,0.025,0.025,1.34,0.007,5536967,正常
湖北省,长江流域,富水水库,04-25 08:00,Ⅲ,21.9,8.29,9.14,162.1,1.6,1.96,0.075,0.026,1.23,0.012,53727000,正常
湖北省,长江流域,窑嘴大桥,04-25 08:00,Ⅳ,22.0,7.21,4.51,305.3,30.3,1.68,0.345,0.131,2.52,*,*,正常
湖北省,长江流域,陆溪口,04-25 08:00,Ⅲ,20.0,7.01,6.68,183.3,37.4,2.86,0.735,0.066,1.96,*,*,正常
湖北省,长江流域,洪下水文站,04-25 08:00,Ⅱ,20.8,7.38,8.10,135.5,30.0,2.44,0.250,0.079,2.08,*,*,正常
湖北省,长江流域,厉山,04-25 08:00,,25.0,9.24,8.01,496.5,401.4,--,--,--,--,*,*,维护
湖北省,长江流域,涢水大桥,04-25 08:00,Ⅱ,25.5,8.32,8.62,325.6,9.8,3.21,0.126,0.028,0.69,*,*,正常
湖北省,长江流域,江口村,04-25 08:00,Ⅱ,18.2,8.05,8.96,234.7,23.4,1.05,0.025,0.028,1.22,*,*,正常
湖北省,长江流域,恩施大沙坝, ,,--,--,--,--,--,--,--,--,--,*,*,不具备运行条件
湖北省,长江流域,七要口,04-25 08:00,Ⅱ,16.4,8.12,10.09,310.4,57.4,2.16,0.338,0.100,3.08,*,*,正常
湖北省,长江流域,周家坝,04-25 08:00,Ⅱ,15.8,7.83,9.95,184.3,20.0,1.08,0.025,0.026,2.20,*,*,正常
湖北省,长江流域,百福司镇,04-25 04:00,Ⅱ,17.2,7.47,9.37,208.8,2.2,0.82,0.030,0.027,1.56,*,*,正常
湖北省,长江流域,长顺乡,04-25 04:00,Ⅱ,16.3,7.76,10.41,172.7,20.6,1.14,0.062,0.029,1.55,*,*,正常
湖北省,长江流域,黄腊石,04-25 08:00,Ⅱ,17.8,7.91,7.99,355.3,9.6,1.13,0.025,0.050,1.82,*,*,正常
湖北省,长江流域,乐坪桥,04-25 08:00,Ⅰ,18.7,7.92,8.18,216.7,5.4,0.42,0.140,0.014,0.89,*,*,正常
湖北省,长江流域,汉南村,04-25 08:00,,19.4,8.37,9.21,310.3,30.2,1.70,0.257,--,1.71,*,*,维护
湖北省,长江流域,潜江大桥,04-25 08:00,Ⅱ,19.4,8.32,9.76,310.9,33.1,1.91,0.309,0.044,--,*,*,维护
湖北省,长江流域,运粮湖同心队,04-25 04:00,Ⅳ,22.8,7.14,3.39,565.4,41.7,7.25,0.754,0.227,2.51,*,*,正常
湖北省,长江流域,岳口,04-25 08:00,Ⅱ,19.7,7.95,8.68,305.8,27.7,1.74,0.184,0.042,1.97,*,*,正常
湖北省,长江流域,拖市,04-25 08:00,劣Ⅴ,22.9,7.49,5.02,388.5,203.8,7.41,0.025,0.424,4.46,*,*,正常
湖南省,长江流域,新港,04-25 08:00,Ⅱ,20.8,7.03,6.24,235.7,41.8,2.31,0.346,0.061,1.33,*,*,正常
湖南省,长江流域,昭山,04-25 08:00,,26.7,6.32,4.94,359.8,--,--,--,--,--,*,*,维护
湖南省,长江流域,捞刀河口,04-25 08:00,Ⅲ,22.7,6.58,6.03,178.8,21.9,4.02,0.159,0.095,2.41,*,*,正常
湖南省,长江流域,三角洲,04-25 08:00,Ⅲ,22.0,6.62,6.31,234.7,43.9,3.13,0.158,0.105,2.77,*,*,正常
湖南省,长江流域,胜利,04-25 08:00,Ⅱ,23.4,7.61,9.19,227.4,27.1,3.20,0.028,0.038,1.62,*,*,正常
湖南省,长江流域,桔子洲,04-25 04:00,Ⅱ,21.2,7.58,6.64,217.6,16.8,0.33,0.218,0.060,1.67,*,*,正常
湖南省,长江流域,醴陵王坊,04-25 04:00,Ⅱ,19.1,7.28,6.32,326.8,12.7,1.94,0.025,0.087,2.07,*,*,正常
湖南省,长江流域,沿塘,04-25 04:00,Ⅱ,23.9,6.81,6.79,62.6,27.3,1.17,0.025,0.031,1.30,*,*,正常
湖南省,长江流域,霞湾, ,,--,--,--,--,--,--,--,--,--,*,*,维护
湖南省,长江流域,渌水入河口,04-25 08:00,Ⅱ,22.7,7.45,7.49,214.0,12.9,2.54,0.115,0.096,1.60,*,*,正常
湖南省,长江流域,涟水入河口,04-25 08:00,Ⅱ,22.0,7.59,7.44,319.6,4.8,2.53,0.028,0.058,1.86,*,*,正常
湖南省,长江流域,西阳渡口,04-25 08:00,Ⅱ,21.8,7.66,7.98,401.1,9.8,1.47,0.094,0.038,2.45,*,*,正常
湖南省,长江流域,归阳镇,04-25 04:00,Ⅱ,20.9,7.64,8.34,194.3,12.5,1.10,0.042,0.040,1.20,*,*,正常
湖南省,长江流域,联江村,04-25 04:00,Ⅱ,23.1,7.53,6.93,247.4,19.8,3.93,0.090,0.060,1.42,*,*,正常
湖南省,长江流域,舂陵水入湘江口,04-25 04:00,Ⅱ,22.2,7.93,7.25,283.5,8.0,1.03,0.042,0.047,1.59,*,*,正常
湖南省,长江流域,耒水入湘江口,04-25 04:00,Ⅲ,20.4,7.23,5.24,268.6,11.1,1.52,0.025,0.074,1.99,*,*,正常
湖南省,长江流域,熬洲,04-25 04:00,Ⅱ,20.6,7.42,7.51,167.7,9.3,1.70,0.164,0.067,1.43,*,*,正常
湖南省,长江流域,大河滩,04-25 04:00,Ⅱ,20.3,7.21,6.30,307.7,5.8,1.32,0.165,0.063,1.92,*,*,正常
湖南省,长江流域,草市镇,04-25 04:00,Ⅱ,20.4,6.53,7.03,100.7,500.0,1.49,0.031,0.034,0.97,*,*,正常
湖南省,长江流域,洣水入湘江口,04-25 04:00,Ⅱ,19.6,7.55,7.95,148.2,25.7,1.54,0.065,0.039,1.20,*,*,正常
湖南省,长江流域,城北水厂,04-25 04:00,Ⅱ,21.1,7.50,7.88,201.7,29.5,1.48,0.302,0.090,1.46,*,*,正常
湖南省,长江流域,蒸水入湘江口,04-25 04:00,Ⅳ,21.3,7.20,4.63,265.9,15.9,3.45,0.051,0.121,1.97,*,*,正常
湖南省,长江流域,桂花渡水厂,04-25 08:00,Ⅱ,20.5,7.60,6.98,210.8,10.5,1.85,0.025,0.034,1.62,*,*,正常
湖南省,长江流域,塘渡口,04-25 08:00,Ⅱ,19.8,7.89,8.46,193.1,13.0,1.56,0.032,0.049,1.72,*,*,正常
湖南省,长江流域,窑市, ,,--,--,--,--,--,--,--,--,--,*,*,维护
湖南省,长江流域,渡头村,04-25 08:00,Ⅱ,19.9,7.88,8.13,220.2,4.2,1.52,0.100,0.050,1.54,*,*,正常
湖南省,长江流域,邵水入河口,04-25 08:00,,22.5,7.86,8.04,378.5,25.5,--,0.028,0.067,2.29,*,*,维护
湖南省,长江流域,绥宁河口镇, ,,--,--,--,--,--,--,--,--,--,*,*,维护
湖南省,长江流域,鹿角(老),04-25 04:00,Ⅰ,24.9,7.66,8.01,226.2,5.9,0.25,0.130,0.009,1.59,0.006,*,正常
湖南省,长江流域,藕池河东支入境,04-25 04:00,Ⅱ,23.5,8.50,10.22,402.1,9.7,1.93,0.025,0.037,1.51,*,*,正常
湖南省,长江流域,鹿角,04-25 08:00,Ⅳ,19.8,7.47,8.40,240.0,24.2,1.66,0.025,0.067,2.00,0.004,1908760,正常
湖南省,长江流域,东洞庭湖,04-25 08:00,Ⅳ,19.4,7.68,8.00,222.4,32.5,1.93,0.028,0.085,2.08,0.004,1234460,正常
湖南省,长江流域,岳阳楼,04-25 08:00,Ⅳ,20.6,7.54,6.49,225.8,74.5,0.91,0.025,0.062,1.32,0.002,10000,正常
湖南省,长江流域,樟树港,04-25 04:00,Ⅱ,18.3,7.29,9.51,220.2,10.2,0.32,0.081,0.065,1.71,*,*,正常
湖南省,长江流域,城陵矶,04-25 08:00,Ⅱ,18.4,7.77,7.30,223.6,19.2,2.27,0.025,0.044,1.65,*,*,正常
湖南省,长江流域,六门闸,04-25 08:00,Ⅳ,21.7,7.20,4.83,431.4,30.9,3.47,0.236,0.059,1.17,*,*,正常
湖南省,长江流域,南渡,04-25 08:00,Ⅲ,24.3,6.74,6.72,92.3,48.2,1.96,0.579,0.123,1.66,*,*,正常
湖南省,长江流域,八仙桥,04-25 08:00,Ⅲ,22.7,6.51,5.44,115.7,21.9,3.26,0.419,0.086,1.77,*,*,正常
湖南省,长江流域,沙河口,04-25 04:00,Ⅴ,18.8,7.71,7.59,274.2,128.0,1.66,0.226,0.316,1.64,0.003,*,正常
湖南省,长江流域,官垱,04-25 04:00,Ⅳ,25.2,7.70,13.61,845.6,56.8,6.10,0.318,0.043,1.94,*,*,正常
湖南省,长江流域,坡头,04-25 08:00,Ⅱ,19.1,7.56,8.45,222.7,13.3,2.03,0.025,0.032,1.69,0.002,*,正常
湖南省,长江流域,蒋家嘴,04-25 08:00,Ⅲ,20.8,7.76,8.36,211.0,78.9,2.53,0.130,0.034,1.55,0.004,14715000,正常
湖南省,长江流域,三江口, ,,--,--,--,--,--,--,--,--,--,*,*,维护
湖南省,长江流域,窑坡渡,04-25 08:00,,19.0,7.56,8.71,244.2,25.6,1.29,--,0.044,1.66,*,*,维护
湖南省,长江流域,马坡湖,04-25 08:00,Ⅱ,20.7,8.13,9.24,393.6,20.0,1.35,0.025,0.044,1.63,*,*,正常
湖南省,长江流域,陈家河(四水厂),04-25 04:00,Ⅱ,18.8,7.82,8.70,210.7,23.9,0.86,0.025,0.033,1.40,*,*,正常
湖南省,长江流域,永定澄潭(区水厂),04-25 04:00,Ⅱ,19.9,8.08,8.94,217.1,3.9,2.38,0.025,0.013,1.20,*,*,正常
湖南省,长江流域,藕池河中支入境,04-25 04:00,Ⅲ,24.1,8.26,10.86,503.2,16.0,4.73,0.025,0.022,0.68,*,*,正常
湖南省,长江流域,万子湖,04-25 08:00,Ⅳ,20.1,7.85,8.70,210.9,37.7,1.72,0.025,0.066,1.99,0.003,1988460,正常
湖南省,长江流域,南嘴,04-25 08:00,Ⅲ,20.3,7.52,8.33,237.3,42.5,1.19,0.025,0.035,2.17,0.005,4143814,正常
湖南省,长江流域,小河嘴,04-25 08:00,Ⅱ,19.8,7.76,8.60,202.9,26.8,1.09,0.025,0.025,1.45,0.001,50789600,正常
湖南省,长江流域,大通湖,04-25 08:00,Ⅴ,25.3,8.32,6.06,333.5,22.8,4.15,0.025,0.137,0.83,0.008,3878390,正常
湖南省,长江流域,坪口,04-25 08:00,Ⅱ,21.2,7.67,7.46,255.1,10.9,1.45,0.025,0.047,1.80,*,*,正常
湖南省,长江流域,桃谷山,04-25 08:00,Ⅱ,20.2,7.65,8.20,205.9,25.3,1.00,0.025,0.046,1.77,*,*,正常
湖南省,长江流域,欧阳海水文站,04-25 04:00,Ⅱ,20.6,7.96,9.48,295.1,3.7,1.42,0.025,0.033,1.90,*,*,正常
湖南省,长江流域,头山,04-25 04:00,Ⅰ,21.2,7.81,9.52,116.7,2.8,0.54,0.025,0.006,0.53,0.010,2335000,正常
湖南省,长江流域,渡口大桥,04-25 08:00,Ⅳ,22.1,6.32,4.52,142.3,26.5,2.49,0.242,0.113,1.79,*,*,正常
湖南省,长江流域,绿埠头, ,,--,--,--,--,--,--,--,--,--,*,*,维护
湖南省,长江流域,双牌水库,04-25 08:00,Ⅱ,19.4,7.87,8.89,178.5,8.4,0.99,0.025,0.030,0.99,*,*,正常
湖南省,长江流域,诸葛庙,04-25 08:00,Ⅱ,20.0,7.68,8.42,175.0,20.0,1.05,0.025,0.074,0.80,*,*,正常
湖南省,长江流域,五强溪,04-25 08:00,Ⅱ,19.5,8.27,9.98,216.3,3.2,1.23,0.025,0.024,1.51,*,*,正常
湖南省,长江流域,铜信溪电站(铜信溪),04-25 04:00,Ⅱ,20.2,7.82,8.73,249.1,5.4,1.43,0.067,0.029,0.86,*,*,正常
湖南省,长江流域,地阳坪公路大桥,04-25 08:00,Ⅱ,21.2,7.16,7.88,68.8,8.1,2.15,0.036,0.077,0.68,*,*,正常
湖南省,长江流域,托口渠水,04-25 08:00,Ⅱ,21.4,8.46,7.73,88.2,2.9,1.39,0.025,0.025,0.52,*,*,正常
湖南省,长江流域,舞水入河口(黔城二水厂),04-25 08:00,Ⅱ,23.2,7.57,7.90,288.3,2.7,0.93,0.025,0.062,1.74,*,*,正常
湖南省,长江流域,鱼市,04-25 08:00,Ⅰ,21.2,7.89,8.68,350.4,4.6,1.19,0.025,0.017,1.12,*,*,正常
湖南省,长江流域,溪子口(县水厂), ,,--,--,--,--,--,--,--,--,--,*,*,维护
湖南省,长江流域,萝卜湾,04-25 08:00,Ⅱ,19.3,7.43,8.70,170.9,10.8,1.01,0.060,0.038,1.08,*,*,正常
湖南省,长江流域,侯家淇,04-25 08:00,Ⅱ,19.4,7.74,8.63,204.9,6.4,1.05,0.025,0.037,1.05,*,*,正常
湖南省,长江流域,球溪,04-25 08:00,Ⅱ,20.4,7.63,7.25,240.3,5.1,1.75,0.056,0.040,1.59,*,*,正常
湖南省,长江流域,街埠头,04-25 08:00,Ⅱ,22.7,7.78,9.93,353.2,3.1,2.59,0.025,0.042,1.88,*,*,正常
湖南省,长江流域,浦市上游,04-25 08:00,Ⅱ,19.4,7.40,8.63,215.7,9.6,0.99,0.025,0.047,1.50,*,*,正常
湖南省,长江流域,里耶镇,04-25 08:00,Ⅱ,17.9,7.84,7.92,218.4,3.2,0.72,0.058,0.030,1.52,*,*,正常
湖南省,长江流域,河溪水文站,04-25 08:00,Ⅱ,19.4,7.80,7.40,305.1,27.9,1.40,0.025,0.044,1.56,*,*,正常
湖南省,长江流域,江口,04-25 08:00,Ⅱ,17.8,7.71,8.47,230.8,22.4,1.14,0.112,0.028,1.69,*,*,正常
湖南省,长江流域,凤滩水库,04-25 08:00,Ⅱ,17.9,7.54,8.49,237.8,8.1,0.84,0.053,0.032,1.52,*,*,正常
湖南省,长江流域,武水汇合口,04-25 08:00,Ⅱ,19.5,7.84,8.68,203.9,6.7,0.89,0.025,0.042,1.32,*,*,正常
广东省,珠江流域,蕉门,04-25 04:00,Ⅱ,24.7,7.62,6.36,2923.4,60.9,3.19,0.050,0.060,3.32,*,*,正常
广东省,珠江流域,洪奇沥,04-25 04:00,Ⅱ,23.7,7.71,7.07,316.7,45.6,1.08,0.043,0.049,2.60,*,*,正常
广东省,珠江流域,莲花山,04-25 04:00,Ⅳ,25.1,7.21,4.60,1105.6,299.3,7.71,0.034,0.184,6.19,*,*,正常
广东省,珠江流域,流溪河山庄,04-25 04:00,Ⅱ,23.5,6.94,6.46,114.4,22.1,2.12,0.251,0.079,1.57,*,*,正常
广东省,珠江流域,官坦,04-25 04:00,Ⅲ,23.7,7.50,5.55,402.4,31.4,1.09,0.114,0.077,2.66,*,*,正常
广东省,珠江流域,大龙涌口,04-25 04:00,Ⅱ,23.6,7.39,6.05,255.5,32.0,1.99,0.153,0.066,2.57,*,*,正常
广东省,珠江流域,九龙潭,04-25 04:00,Ⅱ,23.1,6.73,7.17,107.9,25.4,1.62,0.038,0.032,1.22,*,*,正常
广东省,珠江流域,增江口,04-25 04:00,Ⅲ,24.3,6.89,5.51,112.6,14.6,1.43,0.032,0.023,1.06,*,*,正常
广东省,珠江流域,鸦岗,04-25 04:00,Ⅴ,24.1,7.03,2.23,338.2,123.8,5.90,0.899,0.297,6.27,*,*,正常
广东省,珠江流域,墩头基,04-25 04:00,Ⅲ,24.6,7.31,5.85,783.5,246.2,4.79,0.025,0.156,5.64,*,*,正常
广东省,珠江流域,大墩,04-25 04:00,Ⅳ,25.1,6.98,4.21,198.2,35.3,2.05,0.123,0.067,2.73,*,*,正常
广东省,珠江流域,孔江水库入库口,04-25 04:00,Ⅱ,22.6,7.09,6.98,107.6,15.0,1.59,0.036,0.059,1.53,*,*,正常
广东省,珠江流域,城口水站,04-25 04:00,Ⅱ,20.0,6.54,7.99,37.5,18.1,1.87,0.382,*,*,*,*,正常
广东省,珠江流域,十里亭,04-25 04:00,Ⅱ,20.9,7.58,7.69,254.2,14.0,1.89,0.025,0.036,1.54,*,*,正常
广东省,珠江流域,长坝,04-25 04:00,Ⅱ,24.5,7.76,10.11,129.6,3.4,2.30,0.025,0.012,1.07,*,*,正常
广东省,珠江流域,三溪桥(乐昌三溪河),04-25 04:00,Ⅲ,22.1,7.87,8.00,312.3,73.4,2.85,0.146,0.106,2.80,*,*,正常
广东省,珠江流域,高桥,04-25 08:00,Ⅱ,23.5,7.71,6.46,221.8,10.5,1.54,0.079,0.049,1.28,*,*,正常
广东省,珠江流域,深圳河口(老),04-25 04:00,Ⅳ,24.9,6.98,4.69,3949.0,62.7,4.50,0.031,0.148,4.29,*,*,正常
广东省,珠江流域,小漠桥,04-25 04:00,,25.9,8.29,7.13,28068.1,0.5,4.01,--,0.024,1.31,*,*,维护
广东省,珠江流域,共和村,04-25 04:00,Ⅳ,27.3,6.90,5.60,1903.3,51.6,6.66,0.334,0.202,10.38,*,*,正常
广东省,珠江流域,尖峰大桥,04-25 08:00,Ⅱ,24.3,7.43,7.74,344.0,53.3,1.32,0.031,0.066,2.24,*,*,正常
广东省,珠江流域,珠海大桥,04-25 08:00,劣Ⅴ,24.5,8.15,7.45,388.0,78.8,9.06,0.025,0.542,2.81,*,*,正常
广东省,珠江流域,石角咀水闸,04-25 08:00,Ⅱ,25.7,7.29,8.64,565.1,40.3,2.88,0.148,0.065,2.56,*,*,正常
广东省,珠江流域,鸡啼门大桥,04-25 08:00,Ⅱ,24.5,7.99,7.23,655.1,28.4,1.84,0.092,0.060,2.18,*,*,正常
广东省,珠江流域,布洲,04-25 08:00,Ⅱ,23.0,7.70,8.31,299.1,15.5,1.41,0.025,0.034,1.81,*,*,正常
广东省,珠江流域,隆都,04-25 04:00,Ⅱ,24.6,7.53,8.80,140.6,15.1,1.46,0.025,0.028,1.82,*,*,正常
广东省,珠江流域,海门湾桥闸,04-25 08:00,Ⅳ,25.8,7.89,6.41,1056.2,14.6,7.59,0.238,0.146,3.55,*,*,正常
广东省,珠江流域,升平,04-25 04:00,Ⅱ,25.1,7.18,7.34,345.0,15.5,3.08,0.281,0.083,2.56,*,*,正常
广东省,珠江流域,外砂,04-25 04:00,Ⅰ,25.0,8.32,8.77,186.4,5.2,1.42,0.025,0.018,1.38,*,*,正常
广东省,珠江流域,莲阳桥闸,04-25 04:00,Ⅱ,24.5,7.45,8.08,147.2,10.4,1.14,0.025,0.025,1.69,*,*,正常
广东省,珠江流域,大衙,04-25 04:00,Ⅱ,25.3,7.86,8.04,166.8,8.5,1.44,0.025,0.026,1.52,*,*,正常
广东省,珠江流域,平洲,04-25 04:00,Ⅲ,23.5,7.31,5.36,311.7,37.2,1.13,0.108,0.079,2.60,*,*,正常
广东省,珠江流域,乌洲,04-25 04:00,Ⅲ,23.4,7.45,5.19,246.7,15.9,1.98,0.124,0.050,2.30,*,*,正常
广东省,珠江流域,古劳,04-25 08:00,Ⅰ,22.7,7.88,7.67,288.4,16.9,0.75,0.039,0.018,2.27,*,*,正常
广东省,珠江流域,下东,04-25 08:00,Ⅱ,23.3,7.83,7.76,296.2,12.9,1.08,0.025,0.033,2.11,*,*,正常
广东省,珠江流域,苍山渡口,04-25 08:00,Ⅱ,24.1,7.72,6.99,1048.3,52.0,2.42,0.078,0.071,2.44,*,*,正常
广东省,珠江流域,牛湾,04-25 08:00,Ⅳ,25.1,6.80,4.62,291.0,11.5,4.60,0.074,0.058,3.26,*,*,正常
广东省,珠江流域,渠首,04-25 08:00,Ⅲ,22.3,6.98,5.82,141.7,8.7,4.70,0.104,0.028,1.19,0.016,20488210,正常
广东省,珠江流域,黄坡,04-25 08:00,Ⅲ,26.5,7.01,6.79,213.4,28.9,4.92,0.025,0.053,1.60,*,*,正常
广东省,珠江流域,山角,04-25 04:00,Ⅲ,26.6,7.27,8.00,175.6,16.1,4.15,0.055,0.063,2.18,*,*,正常
广东省,珠江流域,赤坎水厂(塘口取水口),04-25 08:00,Ⅲ,25.9,7.97,7.69,142.2,37.8,5.39,0.025,0.032,0.80,*,*,正常
广东省,珠江流域,排里,04-25 08:00,Ⅳ,25.8,7.44,7.89,212.9,7.9,6.50,0.025,0.076,1.78,*,*,正常
广东省,珠江流域,南渡河桥,04-25 08:00,Ⅲ,27.6,6.63,7.59,192.5,16.2,4.26,0.063,0.048,2.42,*,*,正常
广东省,珠江流域,石碧,04-25 04:00,Ⅴ,26.8,6.76,2.44,437.3,46.5,5.43,0.349,0.138,3.81,*,*,正常
广东省,珠江流域,营仔,04-25 08:00,Ⅳ,26.9,8.32,9.15,1204.5,17.8,6.66,0.163,0.082,1.36,*,*,正常
广东省,珠江流域,大山江,04-25 08:00,Ⅳ,26.9,6.92,4.10,373.0,52.0,6.59,1.023,0.147,3.08,*,*,正常
广东省,珠江流域,塘口,04-25 08:00,Ⅱ,26.0,7.32,7.48,189.3,11.2,3.72,0.025,0.028,0.95,*,*,正常
广东省,珠江流域,石骨水库,04-25 08:00,Ⅱ,24.8,8.71,8.76,71.5,3.9,2.05,0.059,0.014,0.49,*,*,正常
广东省,珠江流域,良德水库,04-25 08:00,Ⅱ,26.5,7.90,8.25,81.4,3.9,1.47,0.025,0.012,0.36,0.002,877660,正常
广东省,珠江流域,江口门,04-25 08:00,Ⅲ,25.6,6.63,5.97,178.4,13.9,3.82,0.133,0.069,2.75,*,*,正常
广东省,珠江流域,米急渡,04-25 08:00,Ⅱ,25.1,6.67,7.18,132.7,32.2,2.93,0.163,0.095,2.17,*,*,正常
广东省,珠江流域,梁村,04-25 04:00,Ⅱ,23.5,7.37,6.09,203.1,18.7,2.60,0.135,0.068,2.26,*,*,正常
广东省,珠江流域,封开城上,04-25 04:00,Ⅰ,23.1,7.63,8.06,349.6,7.6,0.72,0.025,0.010,2.10,*,*,正常
广东省,珠江流域,白沙街,04-25 04:00,Ⅱ,22.4,7.49,7.85,208.9,66.5,1.74,0.037,0.048,2.56,*,*,正常
广东省,珠江流域,黄岗,04-25 04:00,Ⅱ,22.6,7.73,7.26,301.0,12.9,1.36,0.025,0.023,2.17,*,*,正常
广东省,珠江流域,永安,04-25 04:00,Ⅱ,22.5,7.73,7.16,299.6,15.9,1.40,0.026,0.021,2.07,*,*,正常
广东省,珠江流域,紫溪,04-25 04:00,Ⅱ,25.9,7.34,8.19,676.9,12.7,3.45,0.213,0.086,8.33,*,*,正常
广东省,珠江流域,江口,04-25 04:00,Ⅱ,24.2,6.86,6.21,126.1,3.4,2.03,0.085,0.045,2.17,*,*,正常
广东省,珠江流域,博罗城下(新角),04-25 04:00,Ⅲ,24.0,7.14,5.58,191.6,9.7,1.97,0.025,0.035,2.52,*,*,正常
广东省,珠江流域,惠州汝湖,04-25 04:00,Ⅱ,25.1,8.01,10.04,130.8,3.5,2.44,0.025,0.033,1.81,*,*,正常
广东省,珠江流域,沙河河口(里波水）,04-25 04:00,Ⅳ,25.2,6.52,3.34,594.7,16.4,4.68,1.192,0.076,4.12,*,*,正常
广东省,珠江流域,马安大桥下,04-25 04:00,Ⅱ,25.7,7.39,8.77,128.3,14.2,3.07,0.025,0.047,1.78,*,*,正常
广东省,珠江流域,虎爪断桥,04-25 04:00,Ⅲ,26.5,7.35,5.57,11541.2,2.5,3.32,0.245,0.132,7.86,*,*,正常
广东省,珠江流域,吉隆商贸城前,04-25 04:00,Ⅱ,27.7,7.16,7.26,259.7,13.1,2.45,0.171,0.049,1.77,*,*,正常
广东省,珠江流域,青溪(大浦青溪),04-25 04:00,Ⅱ,22.7,7.40,6.92,250.7,5.7,2.73,0.040,0.070,1.82,*,*,正常
广东省,珠江流域,大麻,04-25 04:00,Ⅱ,22.9,7.05,6.09,187.0,3.7,2.03,0.025,0.049,1.91,*,*,正常
广东省,珠江流域,西阳电站,04-25 04:00,Ⅳ,25.3,6.50,4.91,184.1,32.0,3.01,0.168,0.065,2.18,*,*,正常
广东省,珠江流域,五丰渡口,04-25 08:00,Ⅲ,24.5,6.81,5.66,116.5,4.6,2.34,0.062,0.030,3.74,*,*,正常
广东省,珠江流域,新铺,04-25 08:00,Ⅱ,24.2,7.12,6.42,185.8,11.9,2.18,0.071,0.064,2.20,*,*,正常
广东省,珠江流域,海丰西闸,04-25 08:00,Ⅱ,27.2,7.56,7.11,297.3,15.7,3.31,0.025,0.017,0.69,*,*,正常
广东省,珠江流域,陆丰半湾水闸,04-25 04:00,Ⅱ,25.4,7.35,8.43,76.0,1.5,1.59,0.025,0.031,1.05,*,*,正常
广东省,珠江流域,东溪水闸,04-25 08:00,Ⅳ,27.3,7.85,7.48,2145.6,11.4,6.59,0.227,0.058,1.77,*,*,正常
广东省,珠江流域,乌坎,04-25 08:00,Ⅳ,27.8,8.34,3.66,19093.0,3.9,4.76,0.260,0.170,1.14,*,*,正常
广东省,珠江流域,龙川寻邬,04-25 04:00,Ⅲ,20.6,6.56,5.92,140.9,9.0,2.52,0.100,0.039,*,*,*,正常
广东省,珠江流域,庙咀里(定南水站),04-25 04:00,Ⅱ,20.5,6.66,6.96,275.4,7.5,2.15,0.340,0.022,1.76,*,*,正常
广东省,珠江流域,新丰江水库,04-25 08:00,Ⅰ,23.0,7.91,9.77,89.2,2.8,0.64,0.025,0.005,0.42,0.001,1325614,正常
广东省,珠江流域,龙川城铁路桥,04-25 04:00,Ⅰ,21.5,7.13,8.96,158.8,5.7,1.93,0.025,0.020,2.07,*,*,正常
广东省,珠江流域,江城,04-25 08:00,Ⅳ,26.3,6.96,4.64,178.9,10.6,2.51,0.328,0.178,2.05,*,*,正常
广东省,珠江流域,尖山,04-25 08:00,Ⅳ,26.4,6.89,4.45,2394.8,21.4,4.42,0.665,0.101,2.80,*,*,正常
广东省,珠江流域,埠场,04-25 08:00,,26.4,7.34,6.92,392.1,15.5,--,--,--,--,*,*,维护
广东省,珠江流域,大泉,04-25 08:00,Ⅲ,26.2,7.18,5.77,15627.4,5.8,3.11,0.436,0.074,2.37,*,*,正常
广东省,珠江流域,寿长,04-25 08:00,Ⅲ,27.2,7.22,5.25,21435.0,9.9,3.65,0.699,0.075,1.96,*,*,正常
广东省,珠江流域,七星岗,04-25 04:00,Ⅱ,22.9,7.47,6.43,223.3,12.3,1.79,0.089,0.040,1.96,*,*,正常
广东省,珠江流域,北江石尾,04-25 04:00,Ⅱ,23.8,7.38,6.43,243.4,13.2,1.18,0.032,0.041,1.54,*,*,正常
广东省,珠江流域,石角,04-25 04:00,Ⅱ,23.6,7.50,6.34,219.4,10.5,1.58,0.025,0.042,1.69,*,*,正常
广东省,珠江流域,连江西牛,04-25 04:00,Ⅱ,23.0,7.55,7.78,222.7,10.5,1.21,0.090,0.052,1.41,*,*,正常
广东省,珠江流域,樟村(家乐福),04-25 08:00,Ⅳ,26.3,7.04,4.73,601.2,27.6,3.77,0.335,0.093,8.76,*,*,正常
广东省,珠江流域,沙田泗盛,04-25 08:00,Ⅲ,24.0,7.18,5.04,1491.7,57.9,4.54,0.105,0.065,4.43,*,*,正常
广东省,珠江流域,旗岭,04-25 08:00,Ⅳ,27.2,7.22,6.87,662.2,54.7,3.95,0.280,0.203,9.63,*,*,正常
广东省,珠江流域,石龙南河,04-25 08:00,Ⅲ,24.7,6.63,5.46,215.8,15.8,2.08,0.073,0.069,2.35,*,*,正常
广东省,珠江流域,横栏,04-25 04:00,Ⅰ,22.6,7.55,7.73,287.0,11.5,1.37,0.025,*,*,*,*,正常
广东省,珠江流域,中山港码头,04-25 08:00,Ⅰ,23.3,7.78,8.17,316.1,14.8,1.38,0.142,0.014,1.94,*,*,正常
广东省,珠江流域,赤凤,04-25 08:00,Ⅱ,24.6,7.15,7.58,164.2,9.7,1.76,0.025,0.048,2.14,*,*,正常
广东省,珠江流域,凤江桥,04-25 04:00,Ⅱ,26.2,7.41,8.75,177.3,29.7,3.39,0.025,0.086,2.09,*,*,正常
广东省,珠江流域,地都,04-25 04:00,,26.5,6.68,8.17,0.04,--,--,1.501,--,--,*,*,维护
广东省,珠江流域,隆溪大道桥,04-25 04:00,Ⅳ,25.0,6.84,4.02,10719.5,14.0,3.33,1.238,0.054,--,*,*,维护
广东省,珠江流域,龙石,04-25 04:00,劣Ⅴ,26.8,6.85,2.57,274.7,42.4,4.64,2.145,0.160,5.26,*,*,正常
广东省,珠江流域,龟山塔,04-25 08:00,Ⅱ,25.6,7.62,8.16,113.1,18.4,1.52,0.067,0.060,1.49,*,*,正常
广东省,珠江流域,古封,04-25 08:00,Ⅰ,23.0,7.10,7.58,316.2,14.8,1.07,0.025,0.017,2.17,*,*,正常
广东省,珠江流域,都骑,04-25 04:00,Ⅱ,22.5,7.60,7.46,287.2,37.8,1.17,0.033,0.032,2.50,*,*,正常
广东省,珠江流域,六都水厂上游,04-25 04:00,Ⅱ,22.4,7.69,7.50,291.6,18.0,0.79,0.025,0.029,2.35,*,*,正常
广西壮族自治区,珠江流域,平畲,04-25 04:00,Ⅰ,23.3,7.75,8.80,364.8,2.3,1.12,0.034,*,*,*,*,正常
广西壮族自治区,珠江流域,南岸,04-25 04:00,Ⅱ,23.5,7.86,7.00,338.5,6.8,1.10,0.025,0.038,2.08,*,*,正常
广西壮族自治区,珠江流域,老口,04-25 04:00,Ⅱ,23.4,7.80,6.72,324.7,4.2,1.16,0.080,0.027,1.47,*,*,正常
广西壮族自治区,珠江流域,叮当,04-25 08:00,Ⅱ,24.2,7.50,6.72,333.1,3.9,0.98,0.037,0.071,2.77,*,*,正常
广西壮族自治区,珠江流域,六景,04-25 08:00,Ⅱ,23.5,7.81,7.16,325.3,15.9,0.85,0.115,0.032,1.84,*,*,正常
广西壮族自治区,珠江流域,雁江,04-25 04:00,Ⅱ,21.7,7.79,7.16,294.3,4.7,1.28,0.044,0.022,1.01,*,*,正常
广西壮族自治区,珠江流域,上中,04-25 04:00,Ⅱ,24.0,7.78,7.47,301.2,4.9,1.40,0.025,0.019,2.19,*,*,正常
广西壮族自治区,珠江流域,白马,04-25 08:00,Ⅱ,21.4,7.77,6.54,299.9,8.0,0.81,0.055,0.032,1.07,*,*,正常
广西壮族自治区,珠江流域,梅林,04-25 00:00,Ⅱ,24.4,6.92,9.50,108.2,23.6,2.52,0.158,*,*,*,*,正常
广西壮族自治区,珠江流域,露塘,04-25 04:00,Ⅰ,22.0,7.62,8.15,147.6,19.8,0.85,0.025,0.016,0.95,*,*,正常
广西壮族自治区,珠江流域,渔村,04-25 04:00,Ⅱ,22.4,7.73,7.11,212.2,28.2,1.14,0.084,0.039,1.94,*,*,正常
广西壮族自治区,珠江流域,木洞,04-25 04:00,Ⅰ,21.1,7.29,8.32,74.4,5.4,0.99,0.025,0.019,0.82,*,*,正常
广西壮族自治区,珠江流域,龙溪,04-25 04:00,Ⅱ,22.2,7.20,7.21,183.0,39.8,2.04,0.095,0.050,2.17,*,*,正常
广西壮族自治区,长江流域,随滩,04-25 04:01,Ⅳ,17.9,6.97,9.58,49.8,118.6,6.28,0.090,*,*,*,*,正常
广西壮族自治区,珠江流域,阳朔,04-25 08:00,Ⅱ,21.1,7.13,7.77,180.0,4.5,1.60,0.025,0.059,1.69,*,*,正常
广西壮族自治区,珠江流域,水库出水口,04-25 08:00,Ⅰ,22.4,7.69,8.66,46.6,0.8,0.61,0.025,0.007,0.44,*,*,正常
广西壮族自治区,珠江流域,交州,04-25 04:00,Ⅱ,19.2,7.34,10.02,51.0,213.5,3.07,0.025,0.024,2.78,*,*,正常
广西壮族自治区,珠江流域,京南,04-25 04:00,Ⅱ,22.6,7.60,7.99,186.0,16.8,0.92,0.025,0.035,1.22,*,*,正常
广西壮族自治区,珠江流域,石良角,04-25 04:00,Ⅰ,22.3,7.55,7.80,327.4,14.6,0.72,0.025,0.012,2.20,*,*,正常
广西壮族自治区,珠江流域,亚桥,04-25 04:00,Ⅲ,24.4,7.18,6.82,735.2,15.3,3.42,0.025,0.129,3.89,*,*,正常
广西壮族自治区,珠江流域,东边埇,04-25 08:00,Ⅲ,24.1,6.72,7.06,105.0,8.8,2.80,0.143,0.119,2.76,*,*,正常
广西壮族自治区,珠江流域,南域,04-25 04:00,Ⅲ,25.4,7.03,6.90,1782.7,18.8,3.75,0.050,0.119,3.67,*,*,正常
广西壮族自治区,珠江流域,西门江,04-25 08:00,Ⅲ,24.9,7.54,5.12,1230.8,20.8,4.51,0.318,0.090,3.46,*,*,正常
广西壮族自治区,珠江流域,高速公路桥,04-25 08:00,Ⅲ,27.0,6.81,5.16,7102.5,12.8,5.72,0.709,0.167,2.29,*,*,正常
广西壮族自治区,珠江流域,婆围村,04-25 08:00,Ⅱ,27.4,6.91,7.17,17501.5,8.0,3.57,0.304,0.053,2.91,*,*,正常
广西壮族自治区,珠江流域,东兴,04-25 04:00,Ⅰ,24.3,6.77,9.48,39.6,10.2,1.87,0.025,*,*,*,*,正常
广西壮族自治区,珠江流域,狗尾濑,04-25 08:00,,23.4,6.75,7.66,35.5,6.3,--,--,0.096,--,*,*,维护
广西壮族自治区,珠江流域,木头滩,04-25 04:00,,24.8,6.95,8.86,46.1,49.3,--,0.025,0.105,--,*,*,维护
广西壮族自治区,珠江流域,边贸码头,04-25 08:00,,23.7,6.78,6.46,2254.4,9.4,--,--,0.084,--,*,*,维护
广西壮族自治区,珠江流域,高塘,04-25 08:00,劣Ⅴ,26.1,9.27,14.09,77.4,9.9,3.54,0.025,0.051,1.48,*,*,正常
广西壮族自治区,珠江流域,茅岭大桥,04-25 08:00,Ⅱ,23.8,7.27,6.24,10970.8,7.4,2.41,0.139,0.097,1.29,*,*,正常
广西壮族自治区,珠江流域,钦江东,04-25 04:00,Ⅱ,25.4,7.95,6.83,9702.4,14.4,2.98,0.242,0.063,2.35,*,*,正常
广西壮族自治区,珠江流域,高速公路西桥,04-25 08:00,Ⅳ,26.7,7.21,4.19,6812.6,24.1,4.02,0.327,0.108,2.53,*,*,正常
广西壮族自治区,珠江流域,武林渡口,04-25 04:00,Ⅱ,21.7,8.04,8.12,303.2,21.6,1.13,0.050,0.028,2.11,*,*,正常
广西壮族自治区,珠江流域,火电厂,04-25 04:00,Ⅱ,23.3,7.59,6.51,321.2,10.1,2.44,0.055,0.051,2.55,*,*,正常
广西壮族自治区,珠江流域,鼠岭(文车桥),04-25 04:00,Ⅲ,26.3,7.65,8.14,184.3,5.4,4.74,0.062,0.021,2.56,*,*,正常
广西壮族自治区,珠江流域,爽底坪,04-25 04:00,Ⅳ,23.2,6.76,7.68,60.7,391.3,8.28,0.440,*,*,*,*,正常
广西壮族自治区,珠江流域,自良渡口,04-25 04:00,Ⅲ,22.9,7.03,5.54,186.3,11.7,2.81,0.089,0.103,3.12,*,*,正常
广西壮族自治区,珠江流域,横塘,04-25 04:00,Ⅳ,23.6,7.00,6.00,381.1,13.1,4.44,0.591,0.215,4.94,*,*,正常
广西壮族自治区,珠江流域,坡脚(八大河),04-25 04:00,Ⅱ,18.9,8.07,9.54,431.7,4.5,1.08,0.025,0.044,2.57,*,*,正常
广西壮族自治区,珠江流域,隘屯(上皿屯),04-25 08:00,Ⅱ,22.1,8.29,8.71,371.0,6.6,1.21,0.025,0.043,1.47,*,*,正常
广西壮族自治区,珠江流域,澄碧河水库,04-25 04:00,Ⅰ,25.7,8.40,8.41,230.1,3.5,0.73,0.025,0.005,0.54,*,*,正常
广西壮族自治区,珠江流域,公篓,04-25 08:00,Ⅱ,20.1,7.60,6.99,275.6,3.7,0.84,0.025,0.010,0.72,*,*,正常
广西壮族自治区,珠江流域,扶隆,04-25 04:00,Ⅱ,22.2,7.67,8.22,221.2,28.0,1.96,0.080,0.062,2.24,*,*,正常
广西壮族自治区,珠江流域,桂花,04-25 04:00,Ⅱ,20.6,7.80,8.07,220.3,7.0,1.19,0.025,0.042,1.65,*,*,正常
广西壮族自治区,珠江流域,贺街,04-25 08:00,Ⅱ,22.3,7.70,7.06,187.9,43.2,1.49,0.115,0.072,--,*,*,维护
广西壮族自治区,珠江流域,大化,04-25 04:00,Ⅰ,19.3,8.12,8.90,390.3,1.8,0.86,0.025,0.013,2.22,*,*,正常
广西壮族自治区,珠江流域,杨民,04-25 04:00,Ⅱ,22.3,7.77,7.26,311.0,9.7,0.98,0.038,0.032,1.60,*,*,正常
广西壮族自治区,珠江流域,龙岩滩水库,04-25 04:00,Ⅱ,20.6,8.45,10.98,362.7,2.4,0.95,0.025,0.013,1.94,0.004,1371478,正常
广西壮族自治区,珠江流域,车渡,04-25 04:00,Ⅰ,20.2,8.01,8.80,366.2,3.8,0.48,0.025,0.016,2.18,*,*,正常
广西壮族自治区,珠江流域,垒亭,04-25 04:00,Ⅰ,18.9,8.01,8.74,371.5,6.7,0.48,0.025,0.013,3.43,*,*,正常
广西壮族自治区,珠江流域,石龙,04-25 04:00,Ⅱ,22.2,7.75,7.22,206.6,17.8,1.31,0.038,0.026,1.74,*,*,正常
广西壮族自治区,珠江流域,象州运江老街,04-25 04:00,Ⅱ,21.9,7.69,8.82,212.4,3.1,1.36,0.025,0.032,1.26,*,*,正常
广西壮族自治区,珠江流域,勒马,04-25 04:00,Ⅰ,20.8,7.92,8.11,303.6,9.0,1.15,0.025,0.017,1.98,*,*,正常
广西壮族自治区,珠江流域,德天,04-25 04:00,Ⅱ,24.1,8.05,7.95,328.9,44.6,1.58,0.195,0.024,1.15,*,*,正常
广西壮族自治区,珠江流域,八角电站,04-25 04:00,Ⅰ,24.2,7.88,7.88,352.0,4.3,0.94,0.072,*,*,*,*,正常
广西壮族自治区,珠江流域,平而关,04-25 04:00,Ⅰ,25.6,7.88,7.91,206.2,19.1,1.63,0.130,*,*,*,*,正常
广西壮族自治区,珠江流域,那弄,04-25 08:00,Ⅰ,24.1,7.17,8.11,85.8,7.6,1.93,0.025,0.013,0.75,*,*,正常
广西壮族自治区,珠江流域,上金,04-25 08:00,Ⅱ,23.3,6.79,7.71,106.5,10.0,2.21,0.033,0.018,1.39,*,*,正常
广西壮族自治区,珠江流域,渠立,04-25 08:00,Ⅰ,24.5,7.64,7.83,262.2,4.0,1.15,0.025,0.014,1.93,*,*,正常
广西壮族自治区,珠江流域,棉江,04-25 08:00,Ⅱ,24.7,7.51,7.14,217.2,3.9,1.87,0.091,0.013,1.57,*,*,正常
海南省,珠江流域,铁桥,04-25 04:00,,28.2,7.19,5.46,1087.7,2.2,--,0.092,*,*,*,*,维护
海南省,珠江流域,龙塘,04-25 04:00,Ⅱ,28.6,7.39,6.71,123.0,31.6,3.08,0.025,0.053,1.16,*,*,正常
海南省,珠江流域,儒房,04-25 08:00,Ⅲ,27.4,7.85,7.90,13418.4,6.8,2.16,0.553,0.028,1.06,*,*,正常
海南省,珠江流域,演州河河口,04-25 08:00,Ⅳ,29.5,6.84,4.87,5383.5,5.4,3.72,0.330,0.075,--,*,*,维护
海南省,珠江流域,后黎村,04-25 04:00,,29.2,7.66,8.87,111.6,10.4,3.22,--,0.092,1.56,*,*,维护
海南省,珠江流域,水库出口(大隆水库出口),04-25 04:00,Ⅱ,27.1,8.22,6.61,111.6,1.2,1.73,0.025,0.006,0.35,0.014,4606960.00,正常
海南省,珠江流域,林家村,04-25 08:00,Ⅱ,30.7,7.97,6.90,414.5,27.4,1.84,0.037,0.082,0.51,*,*,正常
海南省,珠江流域,崖城大桥,04-25 08:00,Ⅲ,29.4,7.19,5.92,160.0,34.0,2.97,0.084,0.097,1.26,*,*,正常
海南省,珠江流域,藤桥河大桥,04-25 08:00,,29.5,7.09,5.48,198.9,5.4,--,0.033,0.017,0.44,*,*,维护
海南省,珠江流域,南丰库心(海南),04-25 04:00,Ⅰ,26.0,7.52,7.71,91.5,4.7,1.20,0.042,0.005,0.34,0.009,381811,正常
海南省,珠江流域,上村桥,04-25 08:00,Ⅱ,27.9,7.71,7.65,201.5,37.6,3.50,0.025,0.093,1.31,*,*,正常
海南省,珠江流域,中和桥,04-25 08:00,Ⅲ,29.9,7.43,7.73,898.6,22.3,4.12,0.025,0.079,1.63,*,*,正常
海南省,珠江流域,汀洲(丹村),04-25 04:00,Ⅱ,27.6,7.17,6.84,86.1,2.0,2.00,0.033,0.034,0.89,*,*,正常
海南省,珠江流域,龙江,04-25 08:00,Ⅱ,24.9,7.09,7.41,73.1,8.6,1.19,0.025,0.023,0.85,*,*,正常
海南省,珠江流域,溪仔村,04-25 08:00,Ⅱ,26.5,7.64,9.84,85.0,19.9,1.99,0.025,0.023,0.99,*,*,正常
海南省,珠江流域,羊头外村桥,04-25 08:00,Ⅲ,27.8,6.69,7.14,147.7,11.8,4.31,0.094,0.054,0.95,*,*,正常
海南省,珠江流域,农垦橡胶所一队,04-25 08:00,Ⅱ,27.1,7.18,6.76,146.7,2.5,0.32,0.025,0.061,0.89,*,*,正常
海南省,珠江流域,水涯新区,04-25 08:00,Ⅲ,28.8,6.96,5.76,18975.3,4.4,5.58,0.244,0.052,1.26,*,*,正常
海南省,珠江流域,坡柳水闸,04-25 08:00,Ⅳ,28.6,8.81,9.62,201.1,20.4,7.26,0.025,0.094,1.94,*,*,正常
海南省,珠江流域,分洪桥,04-25 08:00,Ⅲ,30.3,7.30,8.58,132.0,8.5,4.39,0.025,0.037,0.76,*,*,正常
海南省,珠江流域,和乐桥,04-25 08:00,Ⅱ,30.0,7.61,8.38,147.8,8.7,3.47,0.025,0.049,0.92,*,*,正常
海南省,珠江流域,后安桥,04-25 08:00,Ⅰ,30.4,8.40,12.03,132.2,7.1,1.87,0.025,0.017,0.36,*,*,正常
海南省,珠江流域,后山村,04-25 08:00,Ⅴ,30.7,6.37,2.15,166.1,24.7,4.10,0.251,0.132,1.78,*,*,正常
海南省,珠江流域,水库库心(大广坝水库出口),04-25 04:00,Ⅰ,24.6,7.24,8.35,88.3,26.5,1.72,0.025,0.005,0.39,0.029,14366300,正常
海南省,珠江流域,罗带铁路桥,04-25 08:00,Ⅳ,29.3,7.29,5.24,1182.0,7.6,8.07,0.152,0.201,1.12,*,*,正常
海南省,珠江流域,山口,04-25 08:00,Ⅱ,28.1,7.19,6.70,131.2,3.0,2.27,0.028,0.038,0.73,*,*,正常
海南省,珠江流域,白仞滩电站,04-25 08:00,Ⅲ,28.8,7.13,6.69,148.8,20.9,3.08,0.073,0.102,2.67,*,*,正常
海南省,珠江流域,大风(昌化),04-25 04:00,Ⅳ,30.1,7.08,4.52,165.4,0.1,2.44,0.051,0.062,1.06,*,*,正常
海南省,珠江流域,叉河口,04-25 08:00,Ⅳ,29.5,7.33,4.69,298.7,7.4,2.75,0.182,0.130,2.12,*,*,正常
海南省,珠江流域,乐中,04-25 08:00,Ⅱ,28.0,7.35,7.26,97.8,5.7,1.89,0.031,0.092,0.51,*,*,正常
海南省,珠江流域,跨界桥,04-25 08:00,Ⅱ,27.9,7.29,7.09,102.5,6.9,2.52,0.025,0.067,0.48,*,*,正常
海南省,珠江流域,乐罗,04-25 08:00,Ⅳ,29.9,7.37,4.89,237.4,28.9,5.37,0.089,0.065,1.45,*,*,正常
海南省,珠江流域,群英大坝,04-25 08:00,Ⅱ,29.8,7.92,13.24,97.0,14.9,2.33,0.025,0.028,0.70,*,*,正常
海南省,珠江流域,大溪村,04-25 08:00,劣Ⅴ,29.1,6.94,1.77,6207.2,7.7,5.59,0.820,0.241,1.36,*,*,正常
重庆市,长江流域,晒网坝,04-25 08:00,Ⅱ,19.1,7.71,8.65,392.0,10.5,1.33,0.025,0.047,1.70,*,*,正常
重庆市,长江流域,向家,04-25 08:00,Ⅱ,17.9,7.74,8.98,207.8,30.2,3.40,0.032,0.071,1.12,*,*,正常
重庆市,长江流域,长滩,04-25 08:00,Ⅱ,19.5,8.21,8.69,166.4,58.3,2.95,0.051,0.046,1.24,*,*,正常
重庆市,长江流域,清溪场,04-25 08:00,Ⅱ,19.1,7.65,8.72,391.0,12.4,2.29,0.025,0.062,2.06,*,*,正常
重庆市,长江流域,木瓜洞,04-25 08:00,Ⅲ,22.2,8.07,8.48,324.9,10.4,4.06,0.025,0.057,1.25,*,*,正常
重庆市,长江流域,丰收坝,04-25 08:00,Ⅲ,15.9,7.83,5.23,447.0,24.5,0.60,0.040,0.052,0.58,*,*,正常
重庆市,长江流域,寸滩, ,,--,--,--,--,--,--,--,--,--,*,*,维护
重庆市,长江流域,和尚山,04-25 08:00,Ⅱ,20.1,7.83,7.90,402.5,14.6,1.67,0.051,0.043,1.66,*,*,正常
重庆市,长江流域,北温泉,04-25 08:00,Ⅱ,20.8,7.60,8.31,381.5,10.5,1.99,0.181,0.018,1.55,*,*,正常
重庆市,长江流域,寨溪大桥,04-25 08:00,Ⅱ,23.6,7.64,6.17,881.0,14.8,2.20,0.073,0.039,1.93,*,*,正常
重庆市,长江流域,石门坎,04-25 08:00,Ⅱ,20.3,8.05,8.65,400.8,68.4,2.43,0.025,0.041,2.63,*,*,正常
重庆市,长江流域,玉滩水库,04-25 08:00,Ⅲ,20.7,8.68,21.49,362.0,6.1,5.73,0.025,0.030,1.12,0.017,18859930,正常
重庆市,长江流域,御临镇,04-25 08:00,Ⅱ,23.2,7.99,8.41,360.8,136.6,2.99,0.025,0.074,1.52,*,*,正常
重庆市,长江流域,黎家乡崔家岩村,04-25 08:00,Ⅳ,21.7,6.82,3.18,283.1,41.7,4.34,0.040,0.060,1.43,*,*,正常
重庆市,长江流域,运输桥,04-25 08:00,Ⅲ,21.0,7.84,8.12,319.8,9.2,5.33,0.029,0.077,2.26,*,*,正常
重庆市,长江流域,六剑滩,04-25 04:00,Ⅳ,21.3,8.00,7.97,296.9,31.8,6.79,0.106,0.130,2.69,*,*,正常
重庆市,长江流域,支坪街道,04-25 08:00,Ⅱ,21.8,7.80,8.37,344.8,7.0,1.32,0.025,0.032,1.24,*,*,正常
重庆市,长江流域,江津大桥,04-25 08:00,Ⅱ,19.6,7.94,8.78,450.9,18.4,1.07,0.038,0.058,1.86,*,*,正常
重庆市,长江流域,朱杨溪, ,,--,--,--,--,--,--,--,--,--,*,*,维护
重庆市,长江流域,白杨溪,04-25 08:00,Ⅰ,21.5,7.26,8.23,136.2,11.7,1.66,0.025,0.018,1.03,*,*,正常
重庆市,长江流域,金子(老),04-25 04:00,Ⅱ,19.6,8.15,8.70,404.8,27.4,3.03,0.109,0.089,0.94,*,*,正常
重庆市,长江流域,太和,04-25 04:00,Ⅱ,21.6,8.33,8.16,386.6,7.7,1.73,0.075,0.036,1.57,*,*,正常
重庆市,长江流域,官渡,04-25 08:00,Ⅱ,20.7,8.22,6.98,518.2,5.8,2.42,0.230,0.052,2.33,*,*,正常
重庆市,长江流域,临渡,04-25 08:00,Ⅱ,21.9,7.85,7.49,439.9,11.6,2.76,0.046,0.053,2.29,*,*,正常
重庆市,长江流域,码头,04-25 08:00,Ⅱ,20.4,7.73,7.85,468.9,63.1,3.49,0.178,0.098,2.27,*,*,正常
重庆市,长江流域,黄桷,04-25 08:00,Ⅲ,22.5,7.83,7.48,505.3,36.3,4.78,0.564,0.088,2.00,*,*,正常
重庆市,长江流域,朱沱,04-25 04:00,,19.5,7.90,7.41,403.3,12.3,--,0.025,0.005,--,*,*,维护
重庆市,长江流域,四明水厂,04-25 08:00,Ⅳ,22.6,7.55,6.94,429.3,11.1,9.70,0.126,0.063,2.75,*,*,正常
重庆市,长江流域,两河口,04-25 08:00,Ⅲ,23.4,8.32,6.89,617.5,23.9,5.49,0.036,0.111,3.43,*,*,正常
重庆市,长江流域,中和,04-25 08:00,Ⅳ,21.1,7.72,7.22,394.0,145.2,5.18,0.025,0.213,1.58,*,*,正常
重庆市,长江流域,玉溪, ,,--,--,--,--,--,--,--,--,--,*,*,维护
重庆市,长江流域,高洞电站,04-25 08:00,Ⅲ,20.2,7.95,8.08,457.1,16.1,4.10,0.084,0.067,2.65,*,*,正常
重庆市,长江流域,李家碥,04-25 08:00,,21.0,7.70,8.68,370.7,296.4,--,--,--,--,*,*,维护
重庆市,长江流域,巫山乡,04-25 08:00,Ⅳ,20.7,7.71,7.51,156.8,288.3,7.96,0.631,0.219,4.70,*,*,正常
重庆市,长江流域,鸭江镇,04-25 08:00,Ⅱ,20.0,7.75,8.48,426.0,54.3,2.76,0.043,0.050,2.56,*,*,正常
重庆市,长江流域,江口镇,04-25 08:00,Ⅰ,16.7,7.90,8.91,306.0,7.2,0.85,0.025,0.018,1.66,*,*,正常
重庆市,长江流域,白马,04-25 08:00,Ⅱ,17.0,8.09,8.39,380.3,12.8,0.92,0.025,0.051,2.30,*,*,正常
重庆市,长江流域,土堡寨, ,,--,--,--,--,--,--,--,--,--,*,*,维护
重庆市,长江流域,水寨子,04-25 08:00,Ⅱ,15.6,7.64,9.41,262.0,8.9,1.10,0.025,0.034,0.89,*,*,正常
重庆市,长江流域,湖海场,04-25 08:00,Ⅱ,15.7,7.80,9.22,195.5,19.9,2.30,0.070,0.067,1.33,*,*,正常
重庆市,长江流域,卫星桥,04-25 08:00,Ⅳ,18.6,7.82,9.63,285.2,157.9,6.34,0.135,0.093,1.96,*,*,正常
重庆市,长江流域,苏家,04-25 08:00,Ⅱ,18.8,8.03,7.85,397.5,9.4,1.93,0.025,0.057,1.87,*,*,正常
重庆市,长江流域,清水湖渡口,04-25 08:00,劣Ⅴ,21.0,9.11,25.56,203.5,20.0,4.10,0.025,0.033,1.03,*,*,正常
重庆市,长江流域,小江河口,04-25 08:00,Ⅱ,19.8,8.24,9.45,388.3,3.7,1.29,0.025,0.051,1.87,*,*,正常
重庆市,长江流域,汤溪河江口,04-25 08:00,Ⅲ,15.6,8.09,10.68,213.0,288.0,4.82,0.025,0.169,1.57,*,*,正常
重庆市,长江流域,白帝城,04-25 08:00,Ⅱ,17.8,7.90,7.66,415.8,16.7,1.29,0.025,0.051,2.08,*,*,正常
重庆市,长江流域,培石,04-25 04:00,Ⅱ,17.9,7.71,8.05,395.8,4.5,1.26,0.025,0.045,1.87,*,*,正常
重庆市,长江流域,花台,04-25 08:00,Ⅱ,16.5,8.19,9.13,307.8,41.8,0.88,0.060,0.025,1.24,*,*,正常
重庆市,长江流域,化杠,04-25 04:00,Ⅱ,15.3,7.65,9.18,84.0,7.8,2.82,0.080,0.033,0.38,*,*,正常
重庆市,长江流域,小河,04-25 08:00,Ⅱ,19.0,7.89,9.31,271.0,395.4,1.39,0.025,0.038,1.29,*,*,正常
重庆市,长江流域,万木,04-25 04:00,,25.0,9.09,8.08,1441.6,106.2,--,--,--,--,*,*,维护
重庆市,长江流域,红花村,04-25 08:00,Ⅱ,17.4,8.12,10.01,231.4,22.8,1.18,0.025,0.037,1.53,*,*,正常
重庆市,长江流域,南洞沟,04-25 08:00,Ⅱ,20.3,8.26,8.62,338.2,8.1,0.96,0.033,0.025,1.22,*,*,正常
重庆市,长江流域,郁江桥,04-25 08:00,Ⅲ,17.4,8.19,9.40,196.1,353.2,5.11,0.224,0.048,1.69,*,*,正常
四川省,长江流域,都江堰水文站,04-25 08:00,Ⅰ,12.8,8.48,9.31,279.1,19.6,0.55,0.080,0.010,0.72,*,*,正常
四川省,长江流域,201医院,04-25 08:00,Ⅳ,21.4,8.01,8.20,493.6,17.7,2.97,0.044,0.208,2.66,*,*,正常
四川省,长江流域,二江寺,04-25 08:00,,18.7,7.89,6.97,459.6,48.4,--,0.152,0.112,2.84,*,*,维护
四川省,长江流域,岳店子下,04-25 04:00,Ⅲ,21.0,7.99,7.37,367.0,20.8,1.74,0.194,0.110,2.86,*,*,正常
四川省,长江流域,三邑大桥,04-25 08:00,Ⅱ,18.7,8.00,7.82,385.0,22.4,1.34,0.046,0.027,1.45,*,*,正常
四川省,长江流域,宏缘,04-25 08:00,Ⅲ,21.6,7.90,6.22,549.1,8.5,1.85,0.039,0.112,2.97,*,*,正常
四川省,长江流域,李家湾,04-25 08:00,Ⅲ,21.6,7.81,8.05,571.9,29.3,3.69,0.128,0.116,2.55,*,*,正常
四川省,长江流域,碳研所,04-25 08:00,Ⅳ,22.9,7.54,5.41,739.8,16.2,6.82,0.289,0.181,4.14,*,*,正常
四川省,长江流域,廖家堰,04-25 08:00,Ⅳ,22.5,7.69,7.63,784.6,36.0,6.72,0.513,0.220,3.43,*,*,正常
四川省,长江流域,脚仙村,04-25 08:00,Ⅲ,21.2,7.53,7.72,474.7,296.5,4.75,0.175,0.121,2.73,*,*,正常
四川省,长江流域,龙洞,04-25 08:00,Ⅰ,14.6,8.12,8.82,620.1,1.7,1.04,0.025,0.005,0.54,*,*,正常
四川省,长江流域,倮果,04-25 04:00,Ⅰ,15.0,7.90,8.03,630.9,2.5,0.25,0.052,0.005,0.58,*,*,正常
四川省,长江流域,雅砻江口,04-25 04:00,Ⅰ,15.4,8.51,9.47,290.3,8.1,0.48,0.025,0.006,0.35,*,*,正常
四川省,长江流域,柏枝,04-25 04:00,Ⅰ,17.9,8.40,9.00,273.0,14.5,0.61,0.025,0.009,0.51,*,*,正常
四川省,长江流域,湾凼,04-25 08:00,Ⅳ,24.3,7.28,5.19,407.7,10.5,9.43,1.304,0.077,3.18,*,*,正常
四川省,长江流域,手爬岩,04-25 08:00,Ⅱ,18.5,7.64,7.88,418.3,23.7,1.35,0.025,0.062,1.47,*,*,正常
四川省,长江流域,沱江大桥(沱江二桥),04-25 08:00,Ⅲ,22.7,7.81,5.72,585.5,39.0,3.69,0.096,0.127,2.90,*,*,正常
四川省,长江流域,醒觉溪,04-25 04:00,Ⅱ,22.3,7.87,8.13,366.3,10.9,1.69,0.025,0.054,2.53,*,*,正常
四川省,长江流域,大磨子,04-25 08:00,Ⅲ,22.8,7.86,7.32,604.4,15.7,3.44,0.040,0.120,2.84,*,*,正常
四川省,长江流域,泸天化大桥,04-25 08:00,Ⅱ,22.5,7.80,7.06,338.3,16.8,2.22,0.057,0.035,2.94,*,*,正常
四川省,长江流域,纳溪大渡口,04-25 08:00,Ⅱ,18.3,7.94,8.37,426.9,12.9,1.12,0.025,0.052,1.26,*,*,正常
四川省,长江流域,两汇水,04-25 08:00,Ⅱ,21.3,7.64,8.67,116.0,18.5,1.59,0.206,0.064,1.17,*,*,正常
四川省,长江流域,太平渡,04-25 08:00,Ⅲ,23.3,8.05,8.01,484.7,35.0,1.77,0.139,0.152,2.59,*,*,正常
四川省,长江流域,八角,04-25 04:00,Ⅲ,20.6,7.13,5.30,581.0,9.8,1.80,0.043,0.066,1.95,*,*,正常
四川省,长江流域,象山,04-25 08:00,Ⅲ,22.3,8.25,15.29,501.5,21.0,5.53,0.025,0.054,2.21,*,*,正常
四川省,长江流域,双江桥,04-25 08:00,Ⅲ,21.4,8.44,8.03,751.8,37.7,1.68,0.025,0.165,2.59,*,*,正常
四川省,长江流域,三川,04-25 08:00,Ⅱ,20.9,8.51,8.36,764.0,26.5,1.14,0.031,0.063,3.22,*,*,正常
四川省,长江流域,西平镇,04-25 08:00,Ⅱ,22.2,8.71,7.85,507.4,34.8,3.67,0.025,0.084,1.54,*,*,正常
四川省,长江流域,平武水文站,04-25 04:00,Ⅰ,12.8,8.36,9.69,247.9,28.2,0.25,0.035,0.012,0.71,*,*,正常
四川省,长江流域,丰谷,04-25 04:00,Ⅱ,18.3,7.92,7.64,303.5,11.0,1.36,0.037,0.048,1.30,*,*,正常
四川省,长江流域,福田坝,04-25 04:00,Ⅱ,16.9,8.11,9.46,255.6,30.1,1.06,0.137,0.029,1.34,*,*,正常
四川省,长江流域,鲁班岛,04-25 04:00,劣Ⅴ,21.5,9.09,10.61,218.2,6.5,2.97,0.025,0.043,0.60,0.007,7672718,正常
四川省,长江流域,北川通口,04-25 04:00,Ⅱ,15.2,8.08,9.42,253.3,42.3,0.52,0.108,0.030,1.66,*,*,正常
四川省,长江流域,清风峡,04-25 04:00,Ⅳ,16.6,8.22,8.95,265.0,653.4,6.88,0.203,*,*,*,*,正常
四川省,长江流域,八庙沟,04-25 04:00,Ⅲ,15.3,8.07,8.49,268.0,384.0,4.74,0.025,0.082,5.33,*,*,正常
四川省,长江流域,姚渡,04-25 08:00,Ⅰ,15.4,8.24,8.69,340.9,23.3,1.11,0.028,0.013,0.95,*,*,正常
四川省,长江流域,苴国村,04-25 04:00,Ⅱ,15.9,7.81,8.94,301.3,128.7,2.62,0.025,0.008,2.44,*,*,正常
四川省,长江流域,上石盘,04-25 04:00,Ⅰ,18.3,8.15,8.84,365.4,56.8,1.30,0.025,0.018,1.85,*,*,正常
四川省,长江流域,南渡,04-25 04:00,Ⅱ,19.4,8.29,8.09,459.7,59.0,1.80,0.104,0.025,1.42,*,*,正常
四川省,长江流域,文成镇,04-25 08:00,Ⅰ,20.4,8.17,9.30,292.1,13.6,1.61,0.025,0.010,1.09,*,*,正常
四川省,长江流域,大安,04-25 08:00,Ⅲ,21.7,7.46,5.59,346.5,46.0,6.00,0.095,0.152,1.92,*,*,正常
四川省,长江流域,百顷,04-25 08:00,Ⅱ,20.2,7.87,7.84,358.2,8.8,1.61,0.117,0.043,1.88,*,*,正常
四川省,长江流域,跑马滩,04-25 08:00,Ⅳ,21.5,7.92,6.87,461.1,14.1,6.88,0.178,0.059,1.06,*,*,正常
四川省,长江流域,梓江大桥,04-25 08:00,Ⅱ,21.6,7.97,9.83,460.8,11.3,3.54,0.025,0.024,1.32,*,*,正常
四川省,长江流域,大埂,04-25 08:00,,--,--,--,--,--,--,--,--,1.70,*,*,维护
四川省,长江流域,球溪河口,04-25 08:00,Ⅲ,22.2,8.07,9.26,495.0,29.9,5.16,0.400,0.174,2.54,*,*,正常
四川省,长江流域,岷江大桥,04-25 08:00,Ⅲ,21.8,7.43,7.42,471.9,25.6,3.03,0.049,0.130,4.54,*,*,正常
四川省,长江流域,李码头,04-25 04:00,Ⅱ,17.1,7.78,8.51,241.4,17.6,0.77,0.025,0.037,1.84,*,*,正常
四川省,长江流域,马边河河口,04-25 04:00,Ⅱ,16.6,7.43,8.90,238.8,12.2,1.36,0.025,0.074,1.91,*,*,正常
四川省,长江流域,悦来渡口,04-25 08:00,Ⅱ,21.9,7.93,8.80,478.7,33.4,1.96,0.060,0.100,4.45,*,*,正常
四川省,长江流域,木城镇,04-25 04:00,Ⅱ,16.3,7.92,8.62,251.3,28.2,0.55,0.025,0.030,1.23,*,*,正常
四川省,长江流域,姜公堰,04-25 08:00,Ⅱ,22.0,7.80,8.55,563.2,3.9,1.43,0.025,0.021,0.60,*,*,正常
四川省,长江流域,金溪电站,04-25 08:00,Ⅰ,17.9,8.56,8.98,364.0,--,0.84,0.025,0.011,1.08,*,*,维护
四川省,长江流域,升钟水库铁炉寺,04-25 08:00,Ⅱ,20.2,8.03,9.45,343.4,4.2,2.80,0.025,0.017,1.37,*,*,正常
四川省,长江流域,沙溪,04-25 08:00,,14.4,7.51,8.93,272.0,9.7,--,0.025,0.005,0.56,*,*,维护
四川省,长江流域,黄龙溪,04-25 04:00,Ⅲ,21.3,7.60,6.27,471.7,46.4,2.54,0.198,0.158,2.23,*,*,正常
四川省,长江流域,彭山岷江大桥,04-25 04:00,Ⅲ,20.4,8.06,7.70,459.0,50.9,1.82,0.119,0.119,2.76,*,*,正常
四川省,长江流域,龟都府,04-25 08:00,Ⅱ,15.6,8.26,8.35,248.5,34.2,0.99,0.047,0.046,1.38,*,*,正常
四川省,长江流域,两河口,04-25 08:00,Ⅲ,21.4,8.01,7.61,478.9,5.6,4.34,0.054,0.037,0.89,*,*,正常
四川省,长江流域,月波,04-25 08:00,Ⅲ,17.8,7.41,8.28,341.0,16.8,1.09,0.160,0.104,1.86,*,*,正常
四川省,长江流域,凉姜沟,04-25 04:00,Ⅲ,19.0,7.74,7.88,311.5,19.9,1.59,0.113,0.108,2.72,*,*,正常
四川省,长江流域,挂弓山,04-25 04:00,Ⅱ,17.5,8.04,8.86,417.8,9.4,1.01,0.040,0.046,1.61,*,*,正常
四川省,长江流域,石门子,04-25 04:00,Ⅰ,16.9,8.29,8.52,495.5,5.8,0.25,0.025,0.012,0.76,*,*,正常
四川省,长江流域,蔡家渡口,04-25 04:00,Ⅱ,22.2,7.55,7.85,500.7,14.3,1.43,0.079,0.081,3.59,*,*,正常
四川省,长江流域,三块石,04-25 04:00,Ⅰ,17.2,8.22,8.53,487.1,5.2,0.25,0.025,0.011,0.65,*,*,正常
四川省,长江流域,洛亥,04-25 08:00,Ⅱ,18.5,8.14,8.89,308.1,69.2,0.88,0.025,0.046,2.25,*,*,正常
四川省,长江流域,溪口镇平桥村,04-25 08:00,Ⅲ,20.5,7.47,5.87,289.9,17.1,4.61,0.464,0.093,1.47,*,*,正常
四川省,太湖流域,清平镇大庙村（摇金）,04-25 08:00,Ⅳ,21.7,7.82,7.45,429.2,30.5,8.00,1.090,0.291,2.99,*,*,正常
四川省,长江流域,金子, ,,--,--,--,--,--,--,--,--,--,*,*,维护
四川省,长江流域,烈面,04-25 08:00,,20.2,8.05,8.82,376.7,55.4,--,--,--,1.28,*,*,维护
四川省,长江流域,团堡岭,04-25 08:00,Ⅲ,21.2,7.76,7.82,368.9,56.0,4.84,0.234,0.130,2.58,*,*,正常
四川省,长江流域,上河坝,04-25 08:00,劣Ⅴ,19.1,7.53,7.91,200.4,279.5,9.46,0.796,0.477,5.96,*,*,正常
四川省,长江流域,江陵,04-25 08:00,Ⅱ,23.4,7.50,8.21,333.0,26.5,2.29,0.032,0.032,0.91,*,*,正常
四川省,长江流域,大蹬沟,04-25 08:00,Ⅱ,19.9,8.03,9.94,332.0,5.3,2.37,0.025,0.006,0.89,*,*,正常
四川省,长江流域,白兔乡,04-25 08:00,Ⅲ,20.2,7.49,7.47,410.7,22.2,4.99,0.335,0.082,1.68,*,*,正常
四川省,长江流域,联盟桥,04-25 08:00,Ⅳ,19.1,6.90,5.08,171.7,156.2,6.20,0.484,0.170,2.43,*,*,正常
四川省,长江流域,舵石盘,04-25 08:00,Ⅱ,19.6,7.23,6.05,361.7,17.6,3.69,0.260,0.084,2.30,*,*,正常
四川省,长江流域,车家河,04-25 08:00,Ⅲ,19.6,7.49,7.39,333.0,49.4,2.76,0.164,0.102,1.64,*,*,正常
四川省,长江流域,三谷庄,04-25 04:00,Ⅰ,15.4,8.34,8.91,293.3,6.0,0.25,0.025,0.011,0.87,*,*,正常
四川省,长江流域,大岗山,04-25 04:00,Ⅰ,13.4,8.38,9.46,273.8,2.9,0.69,0.025,0.007,0.63,*,*,正常
四川省,长江流域,手傍岩,04-25 08:00,Ⅱ,20.2,7.45,6.63,358.6,18.5,2.21,0.027,0.078,1.31,*,*,正常
四川省,长江流域,幸福村(河东元坝),04-25 08:00,Ⅲ,22.6,8.15,8.03,590.8,50.8,3.83,0.081,0.119,2.45,*,*,正常
四川省,长江流域,拱城铺渡口,04-25 08:00,Ⅲ,23.1,8.16,8.87,594.4,30.2,2.47,0.031,0.117,2.45,*,*,正常
四川省,长江流域,红光村,04-25 08:00,Ⅲ,20.9,7.64,11.48,517.2,15.6,4.90,0.219,0.136,1.19,*,*,正常
四川省,长江流域,两河, ,,--,--,--,--,--,--,--,--,--,*,*,维护
四川省,长江流域,县城马踏石点,04-25 04:00,Ⅱ,10.7,8.33,9.77,276.1,274.1,1.53,0.084,0.030,1.06,*,*,正常
四川省,长江流域,马尔邦碉王山庄,04-25 04:00,Ⅲ,11.9,8.34,8.67,238.4,247.5,4.66,0.025,0.039,1.54,*,*,正常
四川省,长江流域,渭门桥,04-25 04:00,Ⅰ,10.4,8.38,9.39,258.8,63.7,1.35,0.032,0.012,1.02,*,*,正常
四川省,长江流域,小水沟,04-25 04:00,Ⅱ,8.0,8.31,8.97,192.8,95.5,3.04,0.096,0.020,1.37,*,*,正常
四川省,长江流域,水磨沟村,04-25 08:00,Ⅱ,10.1,7.95,11.09,1159.5,38.3,1.86,0.099,0.069,0.05,*,*,正常
四川省,长江流域,洛须镇温托村, ,,--,--,--,--,--,--,--,--,--,*,*,维护
四川省,长江流域,岗托桥,04-25 08:00,,8.4,8.36,8.43,2237.5,82.3,0.94,0.063,--,1.12,*,*,维护
四川省,长江流域,礼板湾(王妃岛),04-25 04:00,Ⅰ,15.3,8.12,10.21,240.2,4.3,1.21,0.025,0.010,0.17,0.009,60011,正常
四川省,长江流域,昔街大桥,04-25 08:00,Ⅳ,20.6,7.51,7.50,195.8,76.3,8.44,0.113,0.023,1.85,*,*,正常
四川省,长江流域,阿七大桥,04-25 04:00,Ⅲ,18.8,7.57,5.81,230.5,36.3,1.22,0.038,0.054,0.87,*,*,正常
四川省,长江流域,邛海湖心,04-25 04:00,Ⅰ,21.2,8.49,7.96,340.0,3.9,1.78,0.025,0.009,0.27,0.020,46725,正常
贵州省,长江流域,贵铝泵房,04-25 08:00,Ⅲ,20.0,8.35,11.39,406.9,13.3,2.97,0.025,0.031,1.82,0.011,1773131,正常
贵州省,长江流域,花鱼洞,04-25 08:00,Ⅱ,15.2,7.94,7.13,380.7,1.6,2.13,0.025,0.005,0.94,0.017,3242648,正常
贵州省,长江流域,麦穰,04-25 08:00,,18.5,7.44,5.21,526.6,191.4,16.10,1.747,--,--,*,*,维护
贵州省,长江流域,大关桥,04-25 04:00,Ⅰ,14.1,7.74,8.48,442.2,2.1,0.46,0.054,0.011,3.32,*,*,正常
贵州省,长江流域,六广,04-25 08:00,Ⅰ,15.5,7.83,9.06,440.6,8.4,0.27,0.025,0.015,3.13,*,*,正常
贵州省,长江流域,龙场,04-25 08:00,Ⅱ,16.8,7.73,7.00,382.0,5.2,1.22,0.041,0.014,2.24,*,*,正常
贵州省,珠江流域,发耳, ,,--,--,--,--,--,--,--,--,--,*,*,不具备运行条件
贵州省,长江流域,打秋坪,04-25 08:00,Ⅲ,20.8,7.83,7.77,578.8,12.6,1.71,0.043,0.149,4.66,*,*,正常
贵州省,长江流域,鱼塘大桥,04-25 08:00,Ⅰ,16.8,7.75,9.53,279.4,55.0,1.13,0.025,0.016,1.87,*,*,正常
贵州省,长江流域,大乌江镇,04-25 04:00,Ⅱ,13.8,8.45,8.19,452.2,0.3,1.06,0.034,0.062,3.37,*,*,正常
贵州省,长江流域,沿江渡,04-25 08:00,Ⅰ,21.7,8.40,14.79,366.9,3.4,1.40,0.025,0.017,3.45,*,*,正常
贵州省,长江流域,鲤鱼塘,04-25 08:00,Ⅱ,19.5,7.65,6.75,526.3,0.9,1.25,0.025,0.087,4.50,*,*,正常
贵州省,长江流域,坡渡,04-25 08:00,Ⅰ,19.9,7.48,8.02,270.9,25.4,0.44,0.025,0.011,0.56,*,*,正常
贵州省,长江流域,鲢鱼溪,04-25 04:00,Ⅱ,22.3,8.36,7.63,362.0,35.4,1.19,0.025,0.061,3.06,*,*,正常
贵州省,长江流域,长沙,04-25 08:00,Ⅱ,22.8,8.01,7.10,232.7,20.8,2.07,0.025,0.043,1.31,*,*,正常
贵州省,长江流域,茅台,04-25 08:00,Ⅱ,22.8,8.13,6.33,371.2,45.8,1.24,0.025,0.060,3.90,*,*,正常
贵州省,珠江流域,黄果树,04-25 08:00,Ⅱ,20.1,8.27,7.99,409.8,23.8,2.01,0.025,0.050,3.48,*,*,正常
贵州省,长江流域,斯拉河大桥,04-25 08:00,Ⅰ,19.1,8.20,8.74,413.7,7.7,1.38,0.025,0.011,--,*,*,维护
贵州省,珠江流域,坝草,04-25 08:00,Ⅰ,21.4,8.19,9.51,348.8,3.8,0.96,0.025,0.005,4.96,*,*,正常
贵州省,珠江流域,打邦,04-25 08:00,Ⅱ,24.1,8.03,8.60,467.7,11.8,1.28,0.025,0.021,1.94,*,*,正常
贵州省,长江流域,清水铺,04-25 08:00,Ⅱ,19.8,8.13,8.75,396.9,48.0,0.95,0.025,0.083,3.54,*,*,正常
贵州省,长江流域,大桥边,04-25 04:00,Ⅱ,16.6,8.17,9.02,368.1,10.2,0.92,0.025,0.059,2.88,*,*,正常
贵州省,长江流域,乌杨树,04-25 08:00,Ⅱ,15.9,7.70,9.48,367.8,30.6,1.03,0.026,0.058,2.42,*,*,正常
贵州省,长江流域,玉屏,04-25 04:00,Ⅱ,19.1,8.18,8.63,412.3,5.0,1.26,0.072,0.035,1.30,*,*,正常
贵州省,长江流域,西岩寺,04-25 08:00,Ⅳ,20.2,7.51,6.93,224.2,158.4,4.34,0.442,0.238,2.39,*,*,正常
贵州省,珠江流域,三江口,04-25 04:00,Ⅰ,18.4,7.33,9.33,433.8,3.1,1.13,0.025,0.020,2.80,0.002,*,正常
贵州省,珠江流域,岔河口,04-25 08:00,Ⅱ,23.6,8.29,9.57,307.2,12.9,1.31,0.025,0.021,1.76,*,*,正常
贵州省,珠江流域,蔗香北,04-25 04:00,Ⅰ,23.9,8.48,8.00,349.0,10.1,0.70,0.025,0.006,2.03,*,*,正常
贵州省,珠江流域,黄泥河,04-25 08:00,Ⅱ,19.4,8.08,7.54,417.0,9.8,0.62,0.025,0.022,2.06,*,*,正常
贵州省,珠江流域,赵家渡,04-25 08:00,Ⅱ,18.5,7.73,8.17,437.4,6.8,0.62,0.036,0.031,3.37,*,*,正常
贵州省,珠江流域,坡脚,04-25 08:00,Ⅱ,21.6,7.90,9.39,401.3,12.0,1.19,0.058,0.045,2.49,*,*,正常
贵州省,长江流域,金紫,04-25 04:00,Ⅱ,20.1,8.82,11.24,161.1,2.0,0.74,0.051,0.023,0.83,*,*,正常
贵州省,珠江流域,从江大桥,04-25 04:00,Ⅱ,18.7,7.10,7.82,89.6,16.3,0.95,0.026,0.025,0.79,*,*,正常
贵州省,长江流域,平敏大桥,04-25 08:00,Ⅱ,19.6,6.86,6.84,155.6,17.9,1.08,0.025,0.022,1.12,*,*,正常
贵州省,长江流域,旁海,04-25 08:00,Ⅱ,21.8,8.27,8.45,420.4,15.5,1.29,0.045,0.052,1.89,*,*,正常
贵州省,长江流域,兴仁桥, ,,--,--,--,--,--,--,--,--,--,*,*,维护
贵州省,长江流域,重安江大桥,04-25 04:00,Ⅱ,19.6,8.20,7.78,508.6,11.4,1.53,0.025,0.094,2.64,*,*,正常
贵州省,珠江流域,榕江, ,,--,--,--,--,--,--,--,--,--,*,*,维护
贵州省,珠江流域,新华,04-25 04:00,Ⅲ,21.0,7.70,8.29,178.2,44.3,5.70,0.087,0.132,1.69,*,*,正常
贵州省,长江流域,凤山桥边,04-25 08:00,Ⅲ,18.6,7.92,8.69,617.2,8.0,1.29,0.266,0.132,4.32,*,*,正常
贵州省,珠江流域,三都桥,04-25 08:00,Ⅱ,21.4,7.55,8.67,309.8,152.3,1.30,0.156,0.026,1.08,*,*,正常
贵州省,珠江流域,界牌,04-25 04:00,Ⅰ,22.4,8.23,8.29,339.6,5.7,1.41,0.025,0.020,0.91,*,*,正常
云南省,滇池流域,滇池南(老),04-25 08:00,Ⅳ,19.3,8.17,4.85,513.8,31.6,8.75,0.210,0.074,1.86,0.010,*,正常
云南省,滇池流域,西园隧道,04-25 08:00,,19.7,5.96,6.76,659.5,10.9,--,0.028,0.070,5.21,0.030,21833610,维护
云南省,长江流域,通仙桥,04-25 08:00,Ⅲ,18.4,8.32,11.26,665.4,21.5,3.05,0.025,0.187,4.52,*,*,正常
云南省,长江流域,崔家庄,04-25 08:00,Ⅲ,19.1,8.14,7.29,613.1,3.7,4.00,0.025,0.112,5.14,*,*,正常
云南省,长江流域,普渡河桥,04-25 08:00,Ⅲ,19.4,7.98,5.84,644.6,7.3,3.19,0.060,0.166,4.69,*,*,正常
云南省,珠江流域,禄丰村,04-25 08:00,Ⅲ,18.6,7.97,7.35,509.6,9.7,2.27,0.027,0.104,3.18,*,*,正常
云南省,滇池流域,回龙村,04-25 08:00,Ⅳ,18.2,7.96,4.77,832.2,2.2,4.74,0.025,0.047,1.66,*,*,正常
云南省,滇池流域,船房五社桥头(一检站),04-25 08:00,Ⅱ,19.8,7.70,8.53,590.3,4.6,3.45,0.025,0.041,5.87,*,*,正常
云南省,滇池流域,王大桥,04-25 08:00,Ⅲ,18.6,7.12,5.83,556.7,7.7,3.69,0.111,0.075,8.02,*,*,正常
云南省,滇池流域,大观河入湖口(航运公司)(篆塘河泵站),04-25 08:00,Ⅲ,16.7,8.08,5.70,428.4,4.4,1.44,0.025,0.034,3.25,*,*,正常
云南省,滇池流域,大渔乡土罗村入湖口,04-25 08:00,Ⅳ,18.7,7.61,3.88,391.6,36.6,3.84,0.026,0.138,2.66,*,*,正常
云南省,滇池流域,新河村入湖口(金属筛片厂小桥),04-25 08:00,Ⅱ,17.4,8.38,8.75,419.6,8.2,1.74,0.025,0.035,2.79,*,*,正常
云南省,珠江流域,阳宗海中,04-25 08:00,Ⅲ,17.6,8.66,8.75,420.5,2.1,4.61,0.025,0.026,0.41,0.003,1922530,正常
云南省,长江流域,富民大桥,04-25 08:00,Ⅴ,19.8,7.70,5.16,540.9,58.6,10.50,0.439,0.398,3.81,*,*,正常
云南省,滇池流域,严家村桥(盘龙江),04-25 08:00,Ⅱ,17.0,8.41,8.39,437.8,3.8,1.36,0.025,0.031,3.19,*,*,正常
云南省,滇池流域,宝丰村入湖口,04-25 08:00,Ⅱ,17.6,8.12,6.38,655.4,14.4,2.48,0.033,0.056,3.17,*,*,正常
云南省,滇池流域,江尾下闸,04-25 08:00,劣Ⅴ,18.1,7.18,1.23,387.0,1.1,2.14,0.058,0.039,1.81,*,*,正常
云南省,滇池流域,草海中心,04-25 08:00,Ⅳ,17.9,7.76,8.86,410.1,18.2,2.41,0.025,0.064,3.20,0.005,7090280,正常
云南省,滇池流域,灰湾中,04-25 08:00,,--,8.07,7.69,467.0,28.8,6.03,--,--,--,--,--,维护
云南省,滇池流域,罗家营,04-25 08:00,Ⅳ,18.2,8.55,7.79,433.0,26.8,5.61,0.065,0.078,2.06,0.018,20841300,正常
云南省,滇池流域,观音山东,04-25 08:00,Ⅳ,18.2,8.46,7.56,474.2,29.9,6.28,0.304,0.064,1.79,0.009,12225830,正常
云南省,滇池流域,观音山中,04-25 08:00,Ⅳ,17.2,8.46,7.12,487.1,55.4,5.85,0.398,0.071,1.72,0.007,10252300,正常
云南省,滇池流域,观音山西,04-25 08:00,Ⅴ,18.3,8.82,7.17,472.6,21.8,10.55,0.242,0.026,1.99,0.008,11418400,正常
云南省,滇池流域,海口西,04-25 08:00,Ⅳ,18.0,8.29,7.44,475.0,30.0,5.46,0.195,0.067,1.82,0.007,9999070,正常
云南省,滇池流域,滇池南,04-25 08:00,Ⅳ,17.3,8.72,7.22,492.6,19.0,5.30,0.181,0.075,1.66,0.010,10169900,正常
云南省,滇池流域,白鱼口,04-25 08:00,,18.0,8.34,6.39,471.6,30.2,--,0.152,0.076,1.68,0.007,12716010,维护
云南省,滇池流域,断桥,04-25 08:00,Ⅳ,18.8,8.32,9.27,413.3,11.6,2.26,0.025,0.063,4.73,0.074,3764110,正常
云南省,长江流域,河口(象鼻山吊桥),04-25 08:00,Ⅳ,19.2,8.20,3.04,488.5,0.9,3.43,0.027,0.130,3.11,*,*,正常
云南省,珠江流域,花山水库出水口,04-25 08:00,Ⅱ,16.7,8.27,7.47,335.5,4.9,0.76,0.025,0.005,1.10,*,*,正常
云南省,长江流域,以礼河水文站,04-25 08:00,Ⅲ,16.6,7.82,6.50,344.0,5.4,2.04,0.248,0.152,2.54,*,*,正常
云南省,珠江流域,厂房大桥,04-25 08:00,Ⅱ,19.1,8.44,7.81,356.9,39.7,3.74,0.025,0.064,1.93,*,*,正常
云南省,珠江流域,天生桥,04-25 08:00,Ⅳ,15.8,7.24,4.70,587.8,10.6,1.84,0.025,0.030,5.28,*,*,正常
云南省,珠江流域,设里桥,04-25 08:00,Ⅱ,20.9,7.71,7.16,602.6,13.5,0.74,0.025,0.040,--,*,*,维护
云南省,长江流域,牛栏江大桥,04-25 08:00,Ⅲ,20.8,7.83,5.67,347.9,22.1,2.45,0.025,0.022,1.30,*,*,正常
云南省,珠江流域,孤山,04-25 04:00,Ⅱ,16.4,8.42,6.80,331.9,1.3,1.16,0.025,0.012,0.17,0.024,*,正常
云南省,珠江流域,盘溪大桥,04-25 04:00,Ⅱ,19.6,7.93,7.95,502.4,28.7,0.98,0.025,0.048,2.72,*,*,正常
云南省,珠江流域,九甸大桥,04-25 04:00,Ⅱ,21.8,7.83,7.41,695.5,22.5,1.84,0.025,0.013,3.69,*,*,正常
云南省,西南诸河,坝洪村,04-25 04:00,Ⅱ,24.8,7.77,7.52,280.5,193.9,1.25,0.025,0.029,0.63,*,*,正常
云南省,珠江流域,抚仙湖心,04-25 08:00,Ⅱ,16.1,8.49,8.10,309.8,2.3,1.07,0.025,0.017,0.15,0.001,1262499,正常
云南省,西南诸河,绿汁江大桥,04-25 04:00,Ⅱ,23.4,8.12,6.54,492.5,2.4,2.40,0.028,0.020,0.23,*,*,正常
云南省,珠江流域,杞麓湖心,04-25 08:00,Ⅳ,19.4,8.19,5.09,850.1,10.8,7.79,0.987,0.066,2.80,0.008,1336847,正常
云南省,珠江流域,永昌桥,04-25 04:00,Ⅳ,21.4,7.42,3.33,590.3,3.1,2.42,0.025,0.090,3.75,*,*,正常
云南省,珠江流域,星云湖心,04-25 08:00,Ⅳ,19.6,8.70,5.64,564.6,9.6,7.53,0.064,0.059,1.20,0.002,11231230,正常
云南省,西南诸河,红旗桥, ,,--,--,--,--,--,--,--,--,--,*,*,不具备运行条件
云南省,西南诸河,湾甸,04-25 04:00,Ⅲ,21.3,8.19,8.08,512.9,63.6,1.39,0.025,0.109,2.63,*,*,正常
云南省,西南诸河,龙江桥,04-25 04:00,Ⅱ,19.2,7.46,6.69,119.6,5.8,1.11,0.027,0.034,1.05,*,*,正常
云南省,长江流域,云贵桥,04-25 08:00,,18.4,8.23,9.13,396.2,24.2,--,--,--,--,*,*,维护
云南省,长江流域,江底桥,04-25 08:00,Ⅱ,18.4,8.43,6.82,363.7,2.4,0.43,0.025,0.009,1.39,*,*,正常
云南省,长江流域,邓家河,04-25 08:00,Ⅱ,20.2,7.82,7.70,338.0,20.8,0.97,0.025,0.037,3.32,*,*,正常
云南省,长江流域,黄沙坡,04-25 08:00,Ⅰ,20.3,8.49,11.44,487.8,4.5,1.27,0.025,0.017,0.89,*,*,正常
云南省,长江流域,横江桥,04-25 08:00,Ⅱ,18.8,7.99,9.47,266.6,29.1,0.58,0.025,0.047,1.83,*,*,正常
云南省,长江流域,程海湖中,04-25 08:00,劣Ⅴ,18.2,9.32,7.62,1503.2,6.8,3.66,0.086,0.024,0.05,0.002,10000,正常
云南省,长江流域,泸沽湖湖心(泸沽湖),04-25 04:00,Ⅰ,13.7,8.54,9.10,220.3,2.0,1.11,0.025,0.006,0.06,0.004,804324,正常
云南省,长江流域,新华,04-25 04:00,Ⅰ,13.2,8.32,8.84,905.0,44.9,1.08,0.025,0.007,0.65,*,*,正常
云南省,长江流域,金江桥,04-25 04:00,Ⅰ,17.7,8.41,7.59,619.3,4.9,0.85,0.025,0.005,0.44,*,*,正常
云南省,长江流域,龙兴村,04-25 04:00,Ⅴ,15.2,7.60,5.77,263.2,59.8,4.31,1.592,0.362,6.84,*,*,正常
云南省,西南诸河,土卡河水文站(土卡河),04-25 04:00,Ⅲ,23.0,8.05,5.36,238.3,5.6,1.20,0.025,0.007,0.54,*,*,正常
云南省,西南诸河,芒东桥,04-25 04:00,Ⅳ,22.5,7.36,5.13,344.0,7.9,1.86,1.472,0.134,3.06,*,*,正常
云南省,西南诸河,莲花乡,04-25 04:00,Ⅳ,22.6,7.45,3.65,306.3,8.9,4.06,0.350,0.221,9.69,*,*,正常
云南省,西南诸河,储木场,04-25 04:00,Ⅱ,20.3,8.25,9.30,383.9,13.4,2.82,0.025,0.026,0.33,*,*,正常
云南省,西南诸河,嘎旧,04-25 04:00,Ⅱ,16.8,8.00,7.36,473.6,4.4,0.98,0.025,0.012,0.66,*,*,正常
云南省,西南诸河,景临桥,04-25 04:00,Ⅰ,23.3,8.83,11.20,272.2,9.2,1.76,0.025,0.017,0.55,*,*,正常
云南省,西南诸河,小黑江检查站,04-25 04:00,Ⅱ,22.4,7.87,6.70,233.6,286.4,2.64,0.249,0.038,2.17,*,*,正常
云南省,西南诸河,水文站,04-25 04:00,Ⅲ,22.3,8.23,6.64,421.5,12.1,3.15,0.312,0.158,1.62,*,*,正常
云南省,长江流域,西观桥,04-25 04:00,Ⅴ,18.9,7.44,2.23,688.5,0.1,3.73,0.025,0.118,5.09,*,*,正常
云南省,西南诸河,蔓耗桥,04-25 08:00,Ⅱ,24.2,8.05,6.88,345.5,11.1,0.90,0.025,0.052,1.23,*,*,正常
云南省,西南诸河,小河底河,04-25 08:00,Ⅱ,23.9,8.30,7.87,453.7,42.0,0.51,0.025,0.049,1.00,*,*,正常
云南省,珠江流域,异龙湖中,04-25 08:00,Ⅳ,22.0,8.62,6.52,521.2,21.0,9.96,0.025,0.050,1.81,0.011,17830800,正常
云南省,珠江流域,长虹桥,04-25 08:00,Ⅳ,22.4,7.80,6.87,576.1,63.1,2.46,0.038,0.226,4.87,*,*,正常
云南省,珠江流域,江边桥,04-25 08:00,Ⅲ,22.7,7.84,6.80,558.2,49.8,1.96,0.025,0.182,3.39,*,*,正常
云南省,西南诸河,南利大桥,04-25 08:00,Ⅰ,22.0,7.78,8.85,276.0,9.6,0.83,0.025,0.005,1.18,*,*,正常
云南省,珠江流域,谷拉河大桥,04-25 08:00,Ⅰ,24.8,8.05,11.28,258.8,11.2,1.88,0.025,0.006,0.78,*,*,正常
云南省,西南诸河,勐仑大桥,04-25 04:00,Ⅱ,26.1,8.29,7.06,255.4,22.8,1.30,0.025,0.060,0.68,*,*,正常
云南省,西南诸河,风情园大桥, ,,--,--,--,--,--,--,--,--,--,*,*,维护
云南省,西南诸河,打洛江大桥,04-25 04:00,Ⅰ,23.9,7.96,7.91,175.8,89.4,1.03,0.025,0.011,0.63,*,*,正常
云南省,西南诸河,金河,04-25 04:00,Ⅱ,17.1,7.84,6.42,308.6,15.2,3.87,0.025,0.020,0.54,0.016,*,正常
云南省,西南诸河,小关邑,04-25 04:00,Ⅲ,17.9,7.87,5.87,329.6,13.8,2.73,0.025,0.019,0.65,0.0004,*,正常
云南省,西南诸河,南涧小湾电站(澜沧江),04-25 04:00,Ⅱ,21.6,8.16,6.55,511.0,1.1,2.02,0.070,*,*,*,*,正常
云南省,西南诸河,洱海湖心,04-25 08:00,Ⅱ,16.1,8.53,7.79,291.6,1.7,3.97,0.033,0.021,0.32,0.002,748095,正常
云南省,西南诸河,交汇口,04-25 04:00,Ⅱ,19.1,8.06,7.52,450.7,30.7,0.25,0.025,0.075,1.70,*,*,正常
云南省,西南诸河,徐村桥,04-25 04:00,Ⅲ,18.9,7.74,7.01,362.9,373.9,1.34,0.679,0.137,2.57,*,*,正常
云南省,西南诸河,四级坝,04-25 04:00,劣Ⅴ,19.0,7.88,4.97,600.0,145.2,14.46,10.329,1.389,17.42,*,*,正常
云南省,西南诸河,嘎中桥,04-25 04:00,Ⅱ,19.3,7.80,7.42,118.9,21.7,1.32,0.025,*,*,*,*,正常
云南省,西南诸河,风平,04-25 04:00,Ⅳ,22.4,7.64,5.99,289.5,63.1,1.74,1.256,0.141,2.77,*,*,正常
云南省,西南诸河,拉甲木底桥,04-25 04:00,Ⅰ,12.9,7.94,7.80,160.4,21.9,1.76,0.025,0.009,0.75,*,*,正常
云南省,西南诸河,丙舍桥,04-25 04:00,Ⅱ,20.3,8.03,7.22,186.3,44.2,0.54,0.025,0.005,0.30,*,*,正常
云南省,长江流域,贺龙桥,04-25 04:00,Ⅰ,12.0,8.47,8.90,1270.4,15.6,1.41,0.042,0.008,0.33,*,*,正常
云南省,西南诸河,中路村,04-25 04:00,Ⅰ,12.8,8.02,8.32,409.2,40.8,1.11,0.029,0.007,0.67,*,*,正常
西藏自治区,西南诸河,才纳(帮布布),04-25 08:00,Ⅳ,11.6,7.79,4.91,276.2,9.3,0.74,0.135,0.022,0.84,*,*,正常
陕西省,黄河流域,新丰镇大桥,04-25 08:00,Ⅲ,19.2,8.15,7.33,978.2,60.9,4.32,0.088,0.103,7.06,*,*,正常
陕西省,黄河流域,三郎村,04-25 08:00,Ⅲ,20.1,7.80,6.85,667.4,30.2,4.03,0.190,0.086,6.01,*,*,正常
陕西省,黄河流域,岔口,04-25 08:00,Ⅴ,16.4,7.82,8.07,1109.7,8.8,9.08,0.970,0.324,12.67,*,*,正常
陕西省,黄河流域,下桃水电站,04-25 08:00,Ⅱ,15.9,8.73,7.93,1364.6,17.4,3.38,0.025,0.005,3.98,*,*,正常
陕西省,长江流域,黄牛铺,04-25 08:00,Ⅲ,9.6,7.74,9.78,95.4,11.1,5.05,0.025,0.026,2.86,*,*,正常
陕西省,黄河流域,魏家堡,04-25 08:00,,16.2,7.90,9.04,267.4,56.9,--,--,--,--,*,*,维护
陕西省,黄河流域,卧龙寺桥,04-25 08:00,Ⅱ,15.0,8.55,9.09,870.3,16.2,1.68,0.034,0.035,6.02,*,*,正常
陕西省,长江流域,灶火庵,04-25 08:00,Ⅳ,11.5,8.15,10.22,223.4,316.8,6.61,0.025,0.086,2.96,*,*,正常
陕西省,黄河流域,咸阳铁桥,04-25 08:00,Ⅱ,19.3,8.41,8.64,727.8,28.5,3.09,0.025,0.054,7.13,*,*,正常
陕西省,黄河流域,兴平,04-25 08:00,Ⅱ,18.2,8.27,7.81,732.6,146.5,3.66,0.025,0.072,6.59,*,*,正常
陕西省,黄河流域,泾河桥,04-25 08:00,Ⅱ,17.2,8.45,8.82,1752.8,10.6,2.09,0.081,0.031,4.58,*,*,正常
陕西省,黄河流域,黑河张家桥,04-25 08:00,Ⅰ,16.6,8.32,9.31,668.1,33.2,1.69,0.025,0.017,2.46,*,*,正常
陕西省,黄河流域,沙王渡,04-25 08:00,Ⅲ,19.4,8.11,8.14,1023.3,30.8,4.17,0.166,0.113,6.60,*,*,正常
陕西省,黄河流域,潼关吊桥,04-25 08:00,Ⅲ,20.6,8.23,7.10,1175.3,79.6,4.00,0.079,0.090,6.31,*,*,正常
陕西省,黄河流域,王谦村,04-25 08:00,Ⅱ,20.0,8.41,7.52,1834.5,46.2,3.21,0.125,0.052,3.49,*,*,正常
陕西省,黄河流域,张家庄,04-25 08:00,Ⅱ,19.5,8.23,12.14,557.9,11.7,2.94,0.025,0.025,9.70,*,*,正常
陕西省,黄河流域,杨家畔村,04-25 08:00,Ⅱ,16.1,8.68,8.47,1626.3,31.8,3.50,0.025,0.041,5.39,*,*,正常
陕西省,黄河流域,昝家山,04-25 08:00,Ⅱ,16.1,8.55,8.77,488.2,5.5,2.67,0.025,0.005,4.42,*,*,正常
陕西省,黄河流域,阎家滩,04-25 08:00,Ⅱ,16.9,8.64,8.55,1190.2,6.0,2.80,0.025,0.005,5.32,*,*,正常
陕西省,黄河流域,朱家沟,04-25 08:00,Ⅲ,13.8,8.45,8.24,1208.1,10.8,4.28,0.908,0.128,6.72,*,*,正常
陕西省,长江流域,鲁光坪,04-25 08:00,,15.9,8.08,8.52,334.0,1421.6,--,0.408,--,--,*,*,维护
陕西省,长江流域,黄金峡,04-25 08:00,Ⅲ,20.4,7.75,5.65,285.6,368.0,2.23,0.092,0.050,2.09,*,*,正常
陕西省,长江流域,烈金坝,04-25 08:00,Ⅱ,13.4,8.16,10.55,285.1,18.7,0.80,0.025,0.021,2.75,*,*,正常
陕西省,长江流域,石门水库,04-25 08:00,Ⅱ,17.4,8.28,8.94,263.6,8.3,0.63,0.025,0.011,1.22,0.003,3112598,正常
陕西省,长江流域,南柳渡,04-25 08:00,Ⅲ,18.2,7.55,6.28,246.9,208.8,5.58,0.177,0.167,2.52,*,*,正常
陕西省,长江流域,梁西渡,04-25 08:00,Ⅴ,16.5,7.78,8.85,201.8,757.4,8.02,0.628,0.314,1.76,*,*,正常
陕西省,长江流域,白水江,04-25 08:00,Ⅲ,14.5,8.11,8.86,270.4,1458.7,4.56,0.304,0.136,2.64,*,*,正常
陕西省,黄河流域,清涧无定河,04-25 08:00,,15.4,8.51,9.18,995.7,5.2,--,--,0.070,4.26,*,*,维护
陕西省,黄河流域,柏树坪,04-25 08:00,Ⅱ,15.9,8.56,9.07,1005.3,26.7,1.57,0.025,0.022,3.06,*,*,正常
陕西省,黄河流域,温家川(神木窟野河),04-25 08:00,Ⅱ,15.9,8.40,8.71,1314.1,16.1,3.42,0.025,0.083,2.94,*,*,正常
陕西省,黄河流域,碛塄,04-25 08:00,Ⅱ,13.8,8.31,8.59,935.6,11.3,2.29,0.043,0.005,2.41,*,*,正常
陕西省,黄河流域,高家川,04-25 04:00,Ⅱ,14.8,8.47,8.24,737.2,80.7,2.25,0.025,0.072,3.24,*,*,正常
陕西省,黄河流域,鱼河,04-25 08:00,Ⅲ,14.1,8.18,9.44,767.2,22.4,2.92,0.025,0.103,3.58,*,*,正常
陕西省,长江流域,小钢桥,04-25 08:00,Ⅱ,19.6,8.21,8.69,338.3,11.9,1.92,0.025,0.022,1.61,*,*,正常
陕西省,长江流域,老君关,04-25 08:00,Ⅱ,14.5,7.75,7.98,342.4,10.7,1.11,0.034,0.020,1.41,*,*,正常
陕西省,长江流域,瀛湖坝前,04-25 08:00,Ⅱ,20.3,8.23,7.98,281.6,12.0,1.06,0.025,0.012,1.51,0.003,1278990,正常
陕西省,长江流域,漫川关,04-25 08:00,,19.7,7.95,8.90,361.6,10.0,--,0.035,0.005,0.76,*,*,维护
陕西省,长江流域,构峪口,04-25 08:00,Ⅰ,8.8,8.21,10.55,459.9,5.0,0.82,0.025,0.005,2.77,*,*,正常
陕西省,长江流域,丹凤下,04-25 08:00,Ⅱ,20.2,7.77,6.57,542.9,20.6,1.92,0.293,0.069,5.09,*,*,正常
陕西省,黄河流域,灵口,04-25 08:00,Ⅱ,17.8,8.11,7.91,543.1,11.3,0.63,0.025,0.024,1.76,*,*,正常
甘肃省,黄河流域,扶和桥,04-25 04:00,Ⅰ,9.6,8.55,9.84,476.5,15.7,1.16,0.025,0.011,0.91,*,*,正常
甘肃省,黄河流域,什川桥,04-25 08:00,Ⅱ,11.1,8.38,8.92,507.5,38.5,1.31,0.065,0.022,1.11,*,*,正常
甘肃省,黄河流域,湟水桥,04-25 08:00,Ⅱ,14.3,7.97,8.02,719.1,93.0,2.57,0.053,0.068,3.53,*,*,正常
甘肃省,西北诸河,冰沟,04-25 04:00,Ⅱ,8.2,8.24,8.27,545.8,--,1.10,0.176,0.013,3.32,*,*,维护
甘肃省,西北诸河,火车站,04-25 04:00,Ⅱ,9.2,8.16,8.63,521.0,632.4,1.21,0.166,0.038,1.65,*,*,正常
甘肃省,西北诸河,迎山坡,04-25 04:00,Ⅱ,8.5,8.06,6.57,618.2,2.2,1.04,0.025,0.008,2.12,*,*,正常
甘肃省,黄河流域,青城桥,04-25 04:00,Ⅰ,10.9,8.37,8.12,540.2,10.8,1.01,0.065,0.014,1.54,*,*,正常
甘肃省,黄河流域,五佛寺,04-25 08:00,Ⅰ,13.6,8.53,8.55,670.5,23.9,1.17,0.144,0.019,1.09,*,*,正常
甘肃省,黄河流域,靖远桥,04-25 04:00,Ⅰ,11.3,8.15,8.99,533.9,11.6,1.49,0.025,0.014,1.53,*,*,正常
甘肃省,黄河流域,葡萄园(牛背),04-25 04:00,Ⅲ,16.0,8.20,5.66,1.4,--,4.51,0.076,0.068,5.24,*,*,维护
甘肃省,西北诸河,红崖山水库,04-25 04:00,Ⅰ,16.3,8.55,9.27,690.7,8.2,1.28,0.025,0.007,3.24,0.007,230012,正常
甘肃省,西北诸河,黄羊水库,04-25 04:00,Ⅰ,11.5,8.27,9.74,517.6,6.0,0.25,0.026,0.008,2.46,*,*,正常
甘肃省,黄河流域,先明峡桥, ,,--,--,--,--,--,--,--,--,--,*,*,维护
甘肃省,西北诸河,莺落峡,04-25 04:00,Ⅰ,7.5,8.47,9.51,703.9,6.0,0.60,0.046,0.006,1.14,*,*,正常
甘肃省,西北诸河,高崖水文站,04-25 04:00,Ⅱ,14.5,7.97,7.08,619.5,5.4,0.40,0.025,0.011,1.65,*,*,正常
甘肃省,西北诸河,皇城水库,04-25 08:00,Ⅰ,5.3,8.19,9.79,597.0,2.9,0.25,0.025,0.005,1.31,*,*,正常
甘肃省,西北诸河,六坝桥,04-25 04:00,Ⅰ,15.0,8.17,8.33,762.4,6.0,0.25,0.025,0.009,2.37,*,*,正常
甘肃省,黄河流域,长庆桥,04-25 08:00,Ⅱ,14.8,8.45,8.49,626.9,237.1,2.92,0.151,0.096,5.18,*,*,正常
甘肃省,西北诸河,解放村水库,04-25 04:00,Ⅱ,13.1,8.68,8.78,658.8,3.1,1.63,0.041,0.015,1.66,0.003,6806868,正常
甘肃省,长江流域,固水子村,04-25 08:00,,13.7,8.36,8.32,394.4,1802.4,--,--,--,--,*,*,维护
甘肃省,长江流域,两水桥,04-25 08:00,Ⅲ,13.0,8.48,8.69,400.6,5499.5,5.24,0.025,0.111,2.74,*,*,正常
甘肃省,黄河流域,折桥,04-25 04:00,Ⅱ,15.9,8.53,7.72,446.8,54.6,1.31,0.141,0.033,3.19,*,*,正常
甘肃省,黄河流域,地沟桥,04-25 04:00,,8.1,8.61,8.29,510.5,261.5,2.20,0.221,--,3.92,*,*,维护
甘肃省,黄河流域,玛曲,04-25 04:00,Ⅰ,10.3,8.45,7.96,379.0,25.2,1.68,0.061,0.014,1.08,*,*,正常
青海省,黄河流域,扎马隆,04-25 08:00,Ⅱ,9.9,8.32,9.97,406.0,315.0,2.71,0.053,0.048,3.03,*,*,正常
青海省,黄河流域,小峡桥,04-25 04:00,Ⅳ,13.6,7.83,5.66,886.2,228.6,4.67,1.484,0.250,6.25,*,*,正常
青海省,黄河流域,润泽桥,04-25 04:00,Ⅱ,11.3,8.20,8.11,485.8,68.2,2.94,0.061,0.038,2.51,*,*,正常
青海省,黄河流域,塔尔桥,04-25 04:00,Ⅱ,7.2,8.24,8.52,301.0,131.1,2.58,0.025,0.043,1.80,*,*,正常
青海省,黄河流域,大河家,04-25 08:00,Ⅰ,8.6,8.22,9.85,459.0,8.0,0.25,0.025,0.005,0.59,*,*,正常
青海省,黄河流域,峡塘,04-25 08:00,Ⅱ,8.8,8.52,10.80,393.0,457.0,2.77,0.163,0.005,1.81,*,*,正常
青海省,黄河流域,甘冲口,04-25 08:00,Ⅲ,8.7,8.30,7.88,416.0,68.0,4.51,0.183,0.005,2.25,*,*,正常
青海省,黄河流域,金滩,04-25 04:00,Ⅱ,6.7,8.45,8.11,390.8,10.2,3.09,0.048,0.020,1.56,*,*,正常
青海省,西北诸河,布哈河入青海湖口,04-25 08:00,Ⅰ,4.5,8.02,10.20,364.0,9.0,0.71,0.025,0.005,0.84,*,*,正常
青海省,黄河流域,龙羊峡库区出水口,04-25 08:00,Ⅰ,6.5,8.48,8.71,481.0,92.2,1.09,0.025,0.005,0.70,0.093,858940,正常
宁夏回族自治区,黄河流域,叶盛公路桥,04-25 08:00,Ⅰ,12.7,8.19,8.53,732.1,16.3,1.48,0.042,0.013,1.54,*,*,正常
宁夏回族自治区,黄河流域,银古公路桥,04-25 04:00,Ⅱ,15.5,8.34,8.74,770.3,19.9,1.46,0.025,0.031,1.94,*,*,正常
宁夏回族自治区,黄河流域,鸭子荡水库,04-25 08:00,Ⅰ,13.5,8.26,11.76,806.6,1.5,1.52,0.025,0.009,2.41,0.002,402449,正常
宁夏回族自治区,黄河流域,平罗黄河大桥,04-25 08:00,Ⅱ,14.5,8.70,8.03,708.6,40.0,1.63,0.025,0.025,1.98,*,*,正常
宁夏回族自治区,黄河流域,麻黄沟,04-25 04:00,Ⅱ,15.4,8.26,9.85,797.5,109.8,2.02,0.253,0.030,2.21,*,*,正常
宁夏回族自治区,黄河流域,沙湖,04-25 08:00,Ⅲ,14.3,8.36,5.96,1917.5,41.4,3.94,0.030,0.017,0.44,0.012,598064,正常
宁夏回族自治区,黄河流域,金沙湾,04-25 04:00,Ⅱ,13.8,8.36,6.90,664.1,18.2,1.97,0.025,0.023,1.99,*,*,正常
宁夏回族自治区,黄河流域,弹筝峡,04-25 08:00,Ⅱ,7.8,8.56,9.40,728.4,28.4,1.39,0.032,0.041,3.77,*,*,正常
宁夏回族自治区,黄河流域,沟圈,04-25 08:00,Ⅱ,13.5,8.73,9.62,2183.7,6.0,2.75,0.025,0.005,1.54,*,*,正常
宁夏回族自治区,黄河流域,中卫下河沿(新墩),04-25 08:00,Ⅱ,13.6,8.56,8.33,570.8,15.4,1.15,0.044,0.023,1.92,*,*,正常
宁夏回族自治区,黄河流域,泉眼山,04-25 08:00,Ⅱ,14.4,8.25,6.96,--,275.4,2.36,0.025,0.082,30.61,*,*,维护
宁夏回族自治区,黄河流域,香山湖,04-25 08:00,Ⅱ,16.8,8.45,7.44,727.2,7.0,3.36,0.025,0.005,0.84,0.002,5063299,正常
新疆维吾尔自治区,西北诸河,青年渠, ,,--,--,--,--,--,--,--,--,--,*,*,维护
新疆维吾尔自治区,西北诸河,七纺桥,04-25 04:00,Ⅱ,12.1,8.11,8.12,2640.8,3.5,0.73,0.025,0.021,13.11,*,*,正常
新疆维吾尔自治区,西北诸河,哈尔莫墩,04-25 04:00,Ⅱ,8.0,7.81,10.02,323.9,9.8,3.06,0.025,0.012,0.56,*,*,正常
新疆维吾尔自治区,西北诸河,汇合口,04-25 04:00,Ⅱ,17.9,8.42,8.12,789.7,12.0,2.54,0.025,0.010,0.32,*,*,正常
新疆维吾尔自治区,西北诸河,兰干,04-25 04:00,Ⅱ,18.0,8.52,7.98,897.2,14.3,2.52,0.025,0.009,0.63,*,*,正常
新疆维吾尔自治区,西北诸河,龙口,04-25 04:00,Ⅰ,14.0,8.27,7.75,447.9,70.5,0.95,0.025,0.012,0.91,*,*,正常
新疆维吾尔自治区,西北诸河,塔里木拦河闸,04-25 04:00,Ⅱ,12.1,8.20,9.67,539.9,871.8,2.30,0.025,0.067,0.29,*,*,正常
新疆维吾尔自治区,西北诸河,阿热力, ,,--,--,--,--,--,--,--,--,--,*,*,维护
新疆维吾尔自治区,西北诸河,特克斯河(昭苏解放大桥),04-25 08:00,Ⅲ,11.4,8.39,5.27,372.7,48.4,2.02,0.049,*,*,*,*,正常
新疆维吾尔自治区,西北诸河,科布大桥,04-25 04:00,Ⅰ,10.6,8.38,10.37,361.8,67.7,1.32,0.025,0.006,0.99,*,*,正常
新疆维吾尔自治区,西北诸河,龙口大桥,04-25 04:00,Ⅰ,8.9,8.05,11.14,349.7,8.9,1.05,0.025,0.007,1.24,*,*,正常
新疆维吾尔自治区,西北诸河,羊场大桥,04-25 04:00,Ⅱ,10.7,7.26,9.45,507.4,304.6,2.36,0.108,0.026,2.87,*,*,正常
新疆维吾尔自治区,西北诸河,喀什河大桥,04-25 04:00,Ⅱ,9.3,7.96,10.46,342.4,124.8,2.21,0.025,0.030,3.17,*,*,正常
新疆维吾尔自治区,西北诸河,霍城63团伊犁河大桥,04-25 04:00,Ⅱ,14.0,8.16,8.67,444.2,170.8,3.04,0.081,0.089,3.36,*,*,正常
新疆维吾尔自治区,西北诸河,英牙尔乡,04-25 04:00,,--,--,--,--,--,1.30,0.042,0.012,2.08,*,*,维护
新疆维吾尔自治区,西北诸河,雅马渡大桥,04-25 04:00,Ⅰ,9.8,8.04,9.81,299.0,31.6,0.91,0.061,0.018,1.76,*,*,正常
新疆维吾尔自治区,西北诸河,塔克什肯,04-25 04:00,Ⅱ,9.4,7.86,8.13,208.9,80.4,3.68,0.054,*,*,*,*,正常
新疆维吾尔自治区,西北诸河,布尔津河大桥,04-25 04:00,Ⅰ,6.2,7.82,11.38,117.8,39.2,1.39,0.039,0.016,1.35,*,*,正常
新疆维吾尔自治区,西北诸河,顶山,04-25 04:00,Ⅰ,8.1,7.86,11.00,628.3,8.8,1.33,0.025,0.015,0.71,*,*,正常
新疆维吾尔自治区,西北诸河,富蕴大桥,04-25 04:00,Ⅲ,5.5,6.87,11.90,62.6,33.5,4.50,0.025,0.039,0.88,*,*,正常
新疆维吾尔自治区,西北诸河,布尔津水文站,04-25 04:00,Ⅱ,9.3,7.85,10.97,287.6,137.2,2.39,0.025,0.021,1.38,*,*,正常
